0.0000 1.0700 1.0699 1.0700 1.5396 2.1482 2.1481 2.4254 3.2672 1.0700 0.0000 1.7473 1.7469 2.1482 3.0248 2.4686 2.6662 3.5476 1.0699 1.7473 0.0000 1.7468 2.1483 2.4691 3.0249 2.6663 3.5480 1.0700 1.7469 1.7468 0.0000 2.1478 2.4685 2.4684 3.3444 4.0819 1.5396 2.1482 2.1483 2.1478 0.0000 1.0703 1.0707 1.4300 1.9701 2.1482 3.0248 2.4691 2.4685 1.0703 0.0000 1.7482 2.0522 2.3161 2.1481 2.4686 3.0249 2.4684 1.0707 1.7482 0.0000 2.0524 2.3159 2.4254 2.6662 2.6663 3.3444 1.4300 2.0522 2.0524 0.0000 0.9599 
0.0000 1.0711 1.0679 1.0651 1.5407 2.1488 2.1459 2.4244 3.2680 1.0711 0.0000 1.7430 1.7416 2.1519 3.0274 2.4690 2.6692 3.5536 1.0679 1.7430 0.0000 1.7462 2.1473 2.4713 3.0215 2.6603 3.5433 1.0651 1.7416 1.7462 0.0000 2.1449 2.4669 2.4609 3.3388 4.0782 1.5407 2.1519 2.1473 2.1449 0.0000 1.0694 1.0712 1.4286 1.9696 2.1488 3.0274 2.4713 2.4669 1.0694 0.0000 1.7473 2.0502 2.3123 2.1459 2.4690 3.0215 2.4609 1.0712 1.7473 0.0000 2.0561 2.3235 2.4244 2.6692 2.6603 3.3388 1.4286 2.0502 2.0561 0.0000 0.9617 
0.0000 1.0726 1.0664 1.0606 1.5418 2.1497 2.1439 2.4235 3.2689 1.0726 0.0000 1.7394 1.7369 2.1558 3.0306 2.4698 2.6724 3.5600 1.0664 1.7394 0.0000 1.7462 2.1467 2.4740 3.0190 2.6546 3.5390 1.0606 1.7369 1.7462 0.0000 2.1423 2.4658 2.4538 3.3336 4.0749 1.5418 2.1558 2.1467 2.1423 0.0000 1.0690 1.0722 1.4272 1.9692 2.1497 3.0306 2.4740 2.4658 1.0690 0.0000 1.7472 2.0487 2.3088 2.1439 2.4698 3.0190 2.4538 1.0722 1.7472 0.0000 2.0601 2.3315 2.4235 2.6724 2.6546 3.3336 1.4272 2.0487 2.0601 0.0000 0.9638 
0.0000 1.0745 1.0654 1.0568 1.5428 2.1509 2.1423 2.4224 3.2699 1.0745 0.0000 1.7365 1.7330 2.1600 3.0346 2.4711 2.6756 3.5667 1.0654 1.7365 0.0000 1.7470 2.1464 2.4772 3.0172 2.6491 3.5351 1.0568 1.7330 1.7470 0.0000 2.1401 2.4652 2.4472 3.3288 4.0722 1.5428 2.1600 2.1464 2.1401 0.0000 1.0690 1.0737 1.4258 1.9689 2.1509 3.0346 2.4772 2.4652 1.0690 0.0000 1.7477 2.0475 2.3056 2.1423 2.4711 3.0172 2.4472 1.0737 1.7477 0.0000 2.0646 2.3397 2.4224 2.6756 2.6491 3.3288 1.4258 2.0475 2.0646 0.0000 0.9661 
0.0000 1.0768 1.0649 1.0535 1.5437 2.1523 2.1409 2.4213 3.2709 1.0768 0.0000 1.7342 1.7298 2.1643 3.0393 2.4727 2.6791 3.5736 1.0649 1.7342 0.0000 1.7486 2.1464 2.4809 3.0163 2.6438 3.5315 1.0535 1.7298 1.7486 0.0000 2.1383 2.4651 2.4412 3.3246 4.0701 1.5437 2.1643 2.1464 2.1383 0.0000 1.0696 1.0756 1.4244 1.9687 2.1523 3.0393 2.4809 2.4651 1.0696 0.0000 1.7490 2.0468 2.3028 2.1409 2.4727 3.0163 2.4412 1.0756 1.7490 0.0000 2.0693 2.3482 2.4213 2.6791 2.6438 3.3246 1.4244 2.0468 2.0693 0.0000 0.9685 
0.0000 1.0793 1.0649 1.0509 1.5445 2.1541 2.1399 2.4202 3.2719 1.0793 0.0000 1.7326 1.7274 2.1689 3.0446 2.4747 2.6826 3.5806 1.0649 1.7326 0.0000 1.7510 2.1468 2.4851 3.0162 2.6388 3.5282 1.0509 1.7274 1.7510 0.0000 2.1369 2.4655 2.4358 3.3210 4.0685 1.5445 2.1689 2.1468 2.1369 0.0000 1.0707 1.0780 1.4230 1.9686 2.1541 3.0446 2.4851 2.4655 1.0707 0.0000 1.7509 2.0464 2.3003 2.1399 2.4747 3.0162 2.4358 1.0780 1.7509 0.0000 2.0744 2.3569 2.4202 2.6826 2.6388 3.3210 1.4230 2.0464 2.0744 0.0000 0.9710 
0.0000 1.0821 1.0655 1.0490 1.5452 2.1562 2.1391 2.4189 3.2729 1.0821 0.0000 1.7316 1.7258 2.1735 3.0505 2.4771 2.6862 3.5878 1.0655 1.7316 0.0000 1.7543 2.1475 2.4898 3.0169 2.6341 3.5252 1.0490 1.7258 1.7543 0.0000 2.1361 2.4665 2.4309 3.3180 4.0676 1.5452 2.1735 2.1475 2.1361 0.0000 1.0722 1.0808 1.4216 1.9685 2.1562 3.0505 2.4898 2.4665 1.0722 0.0000 1.7534 2.0465 2.2980 2.1391 2.4771 3.0169 2.4309 1.0808 1.7534 0.0000 2.0797 2.3658 2.4189 2.6862 2.6341 3.3180 1.4216 2.0465 2.0797 0.0000 0.9735 
0.0000 1.0851 1.0665 1.0479 1.5458 2.1585 2.1385 2.4177 3.2737 1.0851 0.0000 1.7312 1.7249 2.1783 3.0570 2.4798 2.6900 3.5950 1.0665 1.7312 0.0000 1.7584 2.1486 2.4950 3.0183 2.6296 3.5224 1.0479 1.7249 1.7584 0.0000 2.1357 2.4679 2.4267 3.3156 4.0671 1.5458 2.1783 2.1486 2.1357 0.0000 1.0742 1.0840 1.4202 1.9684 2.1585 3.0570 2.4950 2.4679 1.0742 0.0000 1.7565 2.0469 2.2960 2.1385 2.4798 3.0183 2.4267 1.0840 1.7565 0.0000 2.0853 2.3748 2.4177 2.6900 2.6296 3.3156 1.4202 2.0469 2.0853 0.0000 0.9760 
0.0000 1.0883 1.0680 1.0475 1.5463 2.1611 2.1382 2.4163 3.2744 1.0883 0.0000 1.7313 1.7249 2.1831 3.0640 2.4827 2.6938 3.6022 1.0680 1.7313 0.0000 1.7633 2.1500 2.5007 3.0205 2.6254 3.5198 1.0475 1.7249 1.7633 0.0000 2.1358 2.4699 2.4230 3.3139 4.0672 1.5463 2.1831 2.1500 2.1358 0.0000 1.0766 1.0875 1.4189 1.9683 2.1611 3.0640 2.5007 2.4699 1.0766 0.0000 1.7602 2.0477 2.2943 2.1382 2.4827 3.0205 2.4230 1.0875 1.7602 0.0000 2.0911 2.3839 2.4163 2.6938 2.6254 3.3139 1.4189 2.0477 2.0911 0.0000 0.9784 
0.0000 1.0916 1.0699 1.0479 1.5467 2.1639 2.1381 2.4149 3.2750 1.0916 0.0000 1.7320 1.7255 2.1880 3.0713 2.4858 2.6976 3.6093 1.0699 1.7320 0.0000 1.7691 2.1517 2.5067 3.0233 2.6214 3.5174 1.0479 1.7255 1.7691 0.0000 2.1365 2.4724 2.4199 3.3129 4.0678 1.5467 2.1880 2.1517 2.1365 0.0000 1.0794 1.0912 1.4176 1.9682 2.1639 3.0713 2.5067 2.4724 1.0794 0.0000 1.7643 2.0488 2.2927 2.1381 2.4858 3.0233 2.4199 1.0912 1.7643 0.0000 2.0971 2.3930 2.4149 2.6976 2.6214 3.3129 1.4176 2.0488 2.0971 0.0000 0.9807 
0.0000 1.0951 1.0723 1.0491 1.5470 2.1669 2.1381 2.4135 3.2753 1.0951 0.0000 1.7332 1.7269 2.1928 3.0790 2.4891 2.7015 3.6162 1.0723 1.7332 0.0000 1.7756 2.1537 2.5132 3.0268 2.6177 3.5150 1.0491 1.7269 1.7756 0.0000 2.1377 2.4754 2.4175 3.3126 4.0689 1.5470 2.1928 2.1537 2.1377 0.0000 1.0826 1.0952 1.4163 1.9679 2.1669 3.0790 2.5132 2.4754 1.0826 0.0000 1.7688 2.0502 2.2912 2.1381 2.4891 3.0268 2.4175 1.0952 1.7688 0.0000 2.1032 2.4021 2.4135 2.7015 2.6177 3.3126 1.4163 2.0502 2.1032 0.0000 0.9829 
0.0000 1.0985 1.0750 1.0510 1.5472 2.1701 2.1384 2.4120 3.2754 1.0985 0.0000 1.7349 1.7290 2.1977 3.0870 2.4926 2.7053 3.6230 1.0750 1.7349 0.0000 1.7829 2.1559 2.5200 3.0308 2.6143 3.5127 1.0510 1.7290 1.7829 0.0000 2.1393 2.4788 2.4156 3.3129 4.0704 1.5472 2.1977 2.1559 2.1393 0.0000 1.0860 1.0994 1.4151 1.9676 2.1701 3.0870 2.5200 2.4788 1.0860 0.0000 1.7737 2.0519 2.2899 2.1384 2.4926 3.0308 2.4156 1.0994 1.7737 0.0000 2.1093 2.4110 2.4120 2.7053 2.6143 3.3129 1.4151 2.0519 2.1093 0.0000 0.9849 
0.0000 1.1021 1.0781 1.0537 1.5473 2.1734 2.1387 2.4105 3.2752 1.1021 0.0000 1.7368 1.7316 2.2024 3.0952 2.4961 2.7092 3.6294 1.0781 1.7368 0.0000 1.7909 2.1585 2.5271 3.0353 2.6112 3.5104 1.0537 1.7316 1.7909 0.0000 2.1415 2.4826 2.4142 3.3138 4.0722 1.5473 2.2024 2.1585 2.1415 0.0000 1.0898 1.1036 1.4139 1.9671 2.1734 3.0952 2.5271 2.4826 1.0898 0.0000 1.7788 2.0538 2.2886 2.1387 2.4961 3.0353 2.4142 1.1036 1.7788 0.0000 2.1155 2.4199 2.4105 2.7092 2.6112 3.3138 1.4139 2.0538 2.1155 0.0000 0.9866 
0.0000 1.1055 1.0815 1.0570 1.5474 2.1768 2.1392 2.4089 3.2747 1.1055 0.0000 1.7391 1.7348 2.2071 3.1034 2.4996 2.7130 3.6356 1.0815 1.7391 0.0000 1.7994 2.1612 2.5344 3.0402 2.6083 3.5080 1.0570 1.7348 1.7994 0.0000 2.1441 2.4867 2.4134 3.3154 4.0744 1.5474 2.2071 2.1612 2.1441 0.0000 1.0937 1.1080 1.4127 1.9666 2.1768 3.1034 2.5344 2.4867 1.0937 0.0000 1.7840 2.0560 2.2874 2.1392 2.4996 3.0402 2.4134 1.1080 1.7840 0.0000 2.1217 2.4285 2.4089 2.7130 2.6083 3.3154 1.4127 2.0560 2.1217 0.0000 0.9881 
0.0000 1.1090 1.0851 1.0609 1.5474 2.1803 2.1398 2.4073 3.2739 1.1090 0.0000 1.7417 1.7385 2.2116 3.1117 2.5032 2.7167 3.6414 1.0851 1.7417 0.0000 1.8085 2.1642 2.5419 3.0455 2.6057 3.5056 1.0609 1.7385 1.8085 0.0000 2.1471 2.4911 2.4130 3.3175 4.0769 1.5474 2.2116 2.1642 2.1471 0.0000 1.0978 1.1123 1.4116 1.9658 2.1803 3.1117 2.5419 2.4911 1.0978 0.0000 1.7894 2.0583 2.2862 2.1398 2.5032 3.0455 2.4130 1.1123 1.7894 0.0000 2.1278 2.4369 2.4073 2.7167 2.6057 3.3175 1.4116 2.0583 2.1278 0.0000 0.9893 
0.0000 1.1123 1.0889 1.0654 1.5473 2.1838 2.1404 2.4057 3.2728 1.1123 0.0000 1.7445 1.7426 2.2160 3.1199 2.5067 2.7204 3.6468 1.0889 1.7445 0.0000 1.8179 2.1673 2.5496 3.0509 2.6032 3.5031 1.0654 1.7426 1.8179 0.0000 2.1504 2.4958 2.4131 3.3201 4.0795 1.5473 2.2160 2.1673 2.1504 0.0000 1.1020 1.1167 1.4105 1.9649 2.1838 3.1199 2.5496 2.4958 1.1020 0.0000 1.7948 2.0607 2.2850 2.1404 2.5067 3.0509 2.4131 1.1167 1.7948 0.0000 2.1339 2.4450 2.4057 2.7204 2.6032 3.3201 1.4105 2.0607 2.1339 0.0000 0.9901 
0.0000 1.1154 1.0929 1.0704 1.5471 2.1873 2.1410 2.4041 3.2713 1.1154 0.0000 1.7473 1.7470 2.2201 3.1279 2.5100 2.7239 3.6518 1.0929 1.7473 0.0000 1.8277 2.1705 2.5574 3.0566 2.6010 3.5005 1.0704 1.7470 1.8277 0.0000 2.1541 2.5007 2.4136 3.3232 4.0822 1.5471 2.2201 2.1705 2.1541 0.0000 1.1062 1.1209 1.4096 1.9638 2.1873 3.1279 2.5574 2.5007 1.1062 0.0000 1.8001 2.0633 2.2838 2.1410 2.5100 3.0566 2.4136 1.1209 1.8001 0.0000 2.1398 2.4528 2.4041 2.7239 2.6010 3.3232 1.4096 2.0633 2.1398 0.0000 0.9907 
0.0000 1.1184 1.0969 1.0758 1.5469 2.1908 2.1417 2.4024 3.2696 1.1184 0.0000 1.7503 1.7516 2.2240 3.1358 2.5133 2.7273 3.6562 1.0969 1.7503 0.0000 1.8376 2.1738 2.5652 3.0623 2.5990 3.4977 1.0758 1.7516 1.8376 0.0000 2.1580 2.5056 2.4145 3.3266 4.0851 1.5469 2.2240 2.1738 2.1580 0.0000 1.1105 1.1250 1.4086 1.9626 2.1908 3.1358 2.5652 2.5056 1.1105 0.0000 1.8053 2.0659 2.2824 2.1417 2.5133 3.0623 2.4145 1.1250 1.8053 0.0000 2.1455 2.4603 2.4024 2.7273 2.5990 3.3266 1.4086 2.0659 2.1455 0.0000 0.9909 
0.0000 1.1212 1.1010 1.0815 1.5467 2.1943 2.1423 2.4008 3.2675 1.1212 0.0000 1.7532 1.7564 2.2277 3.1433 2.5163 2.7306 3.6602 1.1010 1.7532 0.0000 1.8476 2.1772 2.5730 3.0681 2.5972 3.4948 1.0815 1.7564 1.8476 0.0000 2.1622 2.5106 2.4156 3.3303 4.0879 1.5467 2.2277 2.1772 2.1622 0.0000 1.1147 1.1289 1.4078 1.9612 2.1943 3.1433 2.5730 2.5106 1.1147 0.0000 1.8103 2.0685 2.2811 2.1423 2.5163 3.0681 2.4156 1.1289 1.8103 0.0000 2.1510 2.4673 2.4008 2.7306 2.5972 3.3303 1.4078 2.0685 2.1510 0.0000 0.9908 
0.0000 1.1238 1.1051 1.0875 1.5463 2.1976 2.1430 2.3991 3.2651 1.1238 0.0000 1.7561 1.7613 2.2312 3.1505 2.5192 2.7338 3.6637 1.1051 1.7561 0.0000 1.8576 2.1806 2.5806 3.0737 2.5955 3.4916 1.0875 1.7613 1.8576 0.0000 2.1664 2.5156 2.4171 3.3343 4.0907 1.5463 2.2312 2.1806 2.1664 0.0000 1.1188 1.1326 1.4070 1.9596 2.1976 3.1505 2.5806 2.5156 1.1188 0.0000 1.8151 2.0711 2.2796 2.1430 2.5192 3.0737 2.4171 1.1326 1.8151 0.0000 2.1563 2.4739 2.3991 2.7338 2.5955 3.3343 1.4070 2.0711 2.1563 0.0000 0.9903 
0.0000 1.1260 1.1091 1.0936 1.5460 2.2008 2.1435 2.3974 3.2623 1.1260 0.0000 1.7589 1.7661 2.2343 3.1572 2.5218 2.7367 3.6667 1.1091 1.7589 0.0000 1.8674 2.1840 2.5882 3.0793 2.5940 3.4883 1.0936 1.7661 1.8674 0.0000 2.1708 2.5205 2.4187 3.3385 4.0933 1.5460 2.2343 2.1840 2.1708 0.0000 1.1228 1.1361 1.4062 1.9579 2.2008 3.1572 2.5882 2.5205 1.1228 0.0000 1.8195 2.0737 2.2780 2.1435 2.5218 3.0793 2.4187 1.1361 1.8195 0.0000 2.1613 2.4801 2.3974 2.7367 2.5940 3.3385 1.4062 2.0737 2.1613 0.0000 0.9895 
0.0000 1.1280 1.1129 1.0998 1.5456 2.2039 2.1440 2.3958 3.2593 1.1280 0.0000 1.7615 1.7709 2.2371 3.1635 2.5241 2.7394 3.6692 1.1129 1.7615 0.0000 1.8770 2.1873 2.5955 3.0846 2.5926 3.4848 1.0998 1.7709 1.8770 0.0000 2.1752 2.5253 2.4206 3.3427 4.0958 1.5456 2.2371 2.1873 2.1752 0.0000 1.1266 1.1392 1.4056 1.9560 2.2039 3.1635 2.5955 2.5253 1.1266 0.0000 1.8235 2.0762 2.2762 2.1440 2.5241 3.0846 2.4206 1.1392 1.8235 0.0000 2.1659 2.4859 2.3958 2.7394 2.5926 3.3427 1.4056 2.0762 2.1659 0.0000 0.9884 
0.0000 1.1297 1.1167 1.1060 1.5452 2.2068 2.1445 2.3942 3.2561 1.1297 0.0000 1.7640 1.7755 2.2396 3.1692 2.5261 2.7420 3.6711 1.1167 1.7640 0.0000 1.8862 2.1906 2.6026 3.0896 2.5913 3.4811 1.1060 1.7755 1.8862 0.0000 2.1796 2.5298 2.4226 3.3470 4.0981 1.5452 2.2396 2.1906 2.1796 0.0000 1.1301 1.1420 1.4050 1.9541 2.2068 3.1692 2.6026 2.5298 1.1301 0.0000 1.8271 2.0785 2.2744 2.1445 2.5261 3.0896 2.4226 1.1420 1.8271 0.0000 2.1702 2.4911 2.3942 2.7420 2.5913 3.3470 1.4050 2.0785 2.1702 0.0000 0.9870 
0.0000 1.1311 1.1202 1.1121 1.5448 2.2094 2.1448 2.3925 3.2526 1.1311 0.0000 1.7661 1.7799 2.2417 3.1743 2.5278 2.7443 3.6726 1.1202 1.7661 0.0000 1.8950 2.1937 2.6094 3.0943 2.5901 3.4772 1.1121 1.7799 1.8950 0.0000 2.1839 2.5341 2.4247 3.3512 4.1001 1.5448 2.2417 2.1937 2.1839 0.0000 1.1334 1.1445 1.4046 1.9520 2.2094 3.1743 2.6094 2.5341 1.1334 0.0000 1.8302 2.0808 2.2724 2.1448 2.5278 3.0943 2.4247 1.1445 1.8302 0.0000 2.1742 2.4959 2.3925 2.7443 2.5901 3.3512 1.4046 2.0808 2.1742 0.0000 0.9854 
0.0000 1.1321 1.1234 1.1181 1.5443 2.2119 2.1450 2.3910 3.2489 1.1321 0.0000 1.7680 1.7840 2.2435 3.1788 2.5292 2.7464 3.6736 1.1234 1.7680 0.0000 1.9032 2.1967 2.6159 3.0986 2.5890 3.4731 1.1181 1.7840 1.9032 0.0000 2.1881 2.5381 2.4269 3.3554 4.1018 1.5443 2.2435 2.1967 2.1881 0.0000 1.1364 1.1466 1.4042 1.9498 2.2119 3.1788 2.6159 2.5381 1.1364 0.0000 1.8328 2.0829 2.2702 2.1450 2.5292 3.0986 2.4269 1.1466 1.8328 0.0000 2.1777 2.5001 2.3910 2.7464 2.5890 3.3554 1.4042 2.0829 2.1777 0.0000 0.9835 
0.0000 1.1327 1.1264 1.1238 1.5438 2.2141 2.1450 2.3894 3.2451 1.1327 0.0000 1.7696 1.7877 2.2449 3.1826 2.5301 2.7482 3.6741 1.1264 1.7696 0.0000 1.9108 2.1995 2.6220 3.1025 2.5880 3.4688 1.1238 1.7877 1.9108 0.0000 2.1921 2.5418 2.4291 3.3593 4.1032 1.5438 2.2449 2.1995 2.1921 0.0000 1.1390 1.1483 1.4038 1.9476 2.2141 3.1826 2.6220 2.5418 1.1390 0.0000 1.8349 2.0848 2.2680 2.1450 2.5301 3.1025 2.4291 1.1483 1.8349 0.0000 2.1809 2.5039 2.3894 2.7482 2.5880 3.3593 1.4038 2.0848 2.1809 0.0000 0.9814 
0.0000 1.1331 1.1291 1.1292 1.5434 2.2160 2.1450 2.3878 3.2411 1.1331 0.0000 1.7709 1.7911 2.2459 3.1857 2.5307 2.7498 3.6741 1.1291 1.7709 0.0000 1.9176 2.2021 2.6277 3.1059 2.5870 3.4644 1.1292 1.7911 1.9176 0.0000 2.1958 2.5450 2.4313 3.3631 4.1043 1.5434 2.2459 2.2021 2.1958 0.0000 1.1413 1.1496 1.4036 1.9454 2.2160 3.1857 2.6277 2.5450 1.1413 0.0000 1.8363 2.0865 2.2656 2.1450 2.5307 3.1059 2.4313 1.1496 1.8363 0.0000 2.1836 2.5072 2.3878 2.7498 2.5870 3.3631 1.4036 2.0865 2.1836 0.0000 0.9791 
0.0000 1.1330 1.1314 1.1343 1.5429 2.2176 2.1448 2.3863 3.2371 1.1330 0.0000 1.7718 1.7940 2.2466 3.1881 2.5310 2.7511 3.6738 1.1314 1.7718 0.0000 1.9237 2.2045 2.6329 3.1088 2.5860 3.4600 1.1343 1.7940 1.9237 0.0000 2.1993 2.5479 2.4335 3.3665 4.1051 1.5429 2.2466 2.2045 2.1993 0.0000 1.1432 1.1504 1.4035 1.9431 2.2176 3.1881 2.6329 2.5479 1.1432 0.0000 1.8371 2.0879 2.2631 2.1448 2.5310 3.1088 2.4335 1.1504 1.8371 0.0000 2.1859 2.5101 2.3863 2.7511 2.5860 3.3665 1.4035 2.0879 2.1859 0.0000 0.9767 
0.0000 1.1326 1.1334 1.1390 1.5424 2.2189 2.1445 2.3849 3.2330 1.1326 0.0000 1.7723 1.7964 2.2469 3.1897 2.5308 2.7521 3.6731 1.1334 1.7723 0.0000 1.9289 2.2067 2.6377 3.1111 2.5850 3.4554 1.1390 1.7964 1.9289 0.0000 2.2024 2.5502 2.4357 3.3697 4.1055 1.5424 2.2469 2.2067 2.2024 0.0000 1.1447 1.1508 1.4034 1.9409 2.2189 3.1897 2.6377 2.5502 1.1447 0.0000 1.8373 2.0892 2.2605 2.1445 2.5308 3.1111 2.4357 1.1508 1.8373 0.0000 2.1877 2.5125 2.3849 2.7521 2.5850 3.3697 1.4034 2.0892 2.1877 0.0000 0.9742 
0.0000 1.1319 1.1349 1.1433 1.5419 2.2200 2.1440 2.3834 3.2289 1.1319 0.0000 1.7724 1.7983 2.2468 3.1906 2.5302 2.7529 3.6721 1.1349 1.7724 0.0000 1.9332 2.2086 2.6419 3.1128 2.5841 3.4508 1.1433 1.7983 1.9332 0.0000 2.2053 2.5521 2.4378 3.3724 4.1055 1.5419 2.2468 2.2086 2.2053 0.0000 1.1458 1.1508 1.4034 1.9388 2.2200 3.1906 2.6419 2.5521 1.1458 0.0000 1.8369 2.0902 2.2577 2.1440 2.5302 3.1128 2.4378 1.1508 1.8369 0.0000 2.1891 2.5144 2.3834 2.7529 2.5841 3.3724 1.4034 2.0902 2.1891 0.0000 0.9718 
0.0000 1.1308 1.1361 1.1470 1.5414 2.2207 2.1434 2.3820 3.2249 1.1308 0.0000 1.7721 1.7996 2.2464 3.1908 2.5293 2.7534 3.6708 1.1361 1.7721 0.0000 1.9366 2.2102 2.6456 3.1140 2.5831 3.4461 1.1470 1.7996 1.9366 0.0000 2.2077 2.5534 2.4398 3.3748 4.1052 1.5414 2.2464 2.2102 2.2077 0.0000 1.1465 1.1504 1.4035 1.9369 2.2207 3.1908 2.6456 2.5534 1.1465 0.0000 1.8358 2.0909 2.2550 2.1434 2.5293 3.1140 2.4398 1.1504 1.8358 0.0000 2.1900 2.5159 2.3820 2.7534 2.5831 3.3748 1.4035 2.0909 2.1900 0.0000 0.9693 
0.0000 1.1294 1.1368 1.1502 1.5409 2.2210 2.1427 2.3807 3.2210 1.1294 0.0000 1.7714 1.8004 2.2455 3.1901 2.5279 2.7537 3.6693 1.1368 1.7714 0.0000 1.9390 2.2115 2.6488 3.1145 2.5821 3.4415 1.1502 1.8004 1.9390 0.0000 2.2097 2.5542 2.4417 3.3767 4.1046 1.5409 2.2455 2.2115 2.2097 0.0000 1.1467 1.1495 1.4037 1.9350 2.2210 3.1901 2.6488 2.5542 1.1467 0.0000 1.8341 2.0914 2.2521 2.1427 2.5279 3.1145 2.4417 1.1495 1.8341 0.0000 2.1905 2.5171 2.3807 2.7537 2.5821 3.3767 1.4037 2.0914 2.1905 0.0000 0.9669 
0.0000 1.1277 1.1372 1.1529 1.5404 2.2211 2.1418 2.3793 3.2172 1.1277 0.0000 1.7704 1.8006 2.2444 3.1888 2.5262 2.7537 3.6677 1.1372 1.7704 0.0000 1.9403 2.2126 2.6514 3.1145 2.5811 3.4370 1.1529 1.8006 1.9403 0.0000 2.2113 2.5544 2.4435 3.3782 4.1036 1.5404 2.2444 2.2126 2.2113 0.0000 1.1465 1.1482 1.4039 1.9334 2.2211 3.1888 2.6514 2.5544 1.1465 0.0000 1.8318 2.0916 2.2492 2.1418 2.5262 3.1145 2.4435 1.1482 1.8318 0.0000 2.1905 2.5178 2.3793 2.7537 2.5811 3.3782 1.4039 2.0916 2.1905 0.0000 0.9646 
0.0000 1.1256 1.1371 1.1550 1.5399 2.2208 2.1408 2.3780 3.2136 1.1256 0.0000 1.7689 1.8002 2.2429 3.1867 2.5241 2.7534 3.6659 1.1371 1.7689 0.0000 1.9407 2.2133 2.6535 3.1138 2.5801 3.4326 1.1550 1.8002 1.9407 0.0000 2.2125 2.5541 2.4452 3.3791 4.1023 1.5399 2.2429 2.2133 2.2125 0.0000 1.1459 1.1464 1.4043 1.9319 2.2208 3.1867 2.6535 2.5541 1.1459 0.0000 1.8288 2.0916 2.2463 2.1408 2.5241 3.1138 2.4452 1.1464 1.8288 0.0000 2.1901 2.5183 2.3780 2.7534 2.5801 3.3791 1.4043 2.0916 2.1901 0.0000 0.9625 
0.0000 1.1233 1.1366 1.1564 1.5394 2.2202 2.1397 2.3768 3.2102 1.1233 0.0000 1.7671 1.7993 2.2411 3.1839 2.5217 2.7529 3.6640 1.1366 1.7671 0.0000 1.9399 2.2138 2.6550 3.1126 2.5790 3.4283 1.1564 1.7993 1.9399 0.0000 2.2132 2.5532 2.4468 3.3796 4.1008 1.5394 2.2411 2.2138 2.2132 0.0000 1.1448 1.1443 1.4047 1.9307 2.2202 3.1839 2.6550 2.5532 1.1448 0.0000 1.8253 2.0913 2.2434 2.1397 2.5217 3.1126 2.4468 1.1443 1.8253 0.0000 2.1892 2.5184 2.3768 2.7529 2.5790 3.3796 1.4047 2.0913 2.1892 0.0000 0.9606 
0.0000 1.1208 1.1356 1.1573 1.5390 2.2193 2.1385 2.3756 3.2071 1.1208 0.0000 1.7650 1.7978 2.2390 3.1804 2.5189 2.7521 3.6621 1.1356 1.7650 0.0000 1.9381 2.2139 2.6559 3.1108 2.5779 3.4241 1.1573 1.7978 1.9381 0.0000 2.2134 2.5518 2.4482 3.3795 4.0989 1.5390 2.2390 2.2139 2.2134 0.0000 1.1433 1.1418 1.4052 1.9298 2.2193 3.1804 2.6559 2.5518 1.1433 0.0000 1.8212 2.0908 2.2406 2.1385 2.5189 3.1108 2.4482 1.1418 1.8212 0.0000 2.1880 2.5183 2.3756 2.7521 2.5779 3.3795 1.4052 2.0908 2.1880 0.0000 0.9590 
0.0000 1.1180 1.1343 1.1575 1.5385 2.2181 2.1372 2.3744 3.2043 1.1180 0.0000 1.7625 1.7958 2.2365 3.1763 2.5159 2.7511 3.6603 1.1343 1.7625 0.0000 1.9353 2.2138 2.6563 3.1085 2.5767 3.4202 1.1575 1.7958 1.9353 0.0000 2.2132 2.5498 2.4496 3.3789 4.0969 1.5385 2.2365 2.2138 2.2132 0.0000 1.1414 1.1390 1.4058 1.9292 2.2181 3.1763 2.6563 2.5498 1.1414 0.0000 1.8166 2.0900 2.2377 2.1372 2.5159 3.1085 2.4496 1.1390 1.8166 0.0000 2.1863 2.5179 2.3744 2.7511 2.5767 3.3789 1.4058 2.0900 2.1863 0.0000 0.9577 
0.0000 1.1151 1.1325 1.1571 1.5380 2.2166 2.1359 2.3732 3.2019 1.1151 0.0000 1.7598 1.7933 2.2339 3.1716 2.5125 2.7499 3.6585 1.1325 1.7598 0.0000 1.9315 2.2133 2.6562 3.1057 2.5754 3.4165 1.1571 1.7933 1.9315 0.0000 2.2125 2.5473 2.4508 3.3778 4.0945 1.5380 2.2339 2.2133 2.2125 0.0000 1.1391 1.1358 1.4064 1.9289 2.2166 3.1716 2.6562 2.5473 1.1391 0.0000 1.8115 2.0890 2.2349 2.1359 2.5125 3.1057 2.4508 1.1358 1.8115 0.0000 2.1842 2.5173 2.3732 2.7499 2.5754 3.3778 1.4064 2.0890 2.1842 0.0000 0.9566 
0.0000 1.1120 1.1304 1.1561 1.5376 2.2148 2.1345 2.3721 3.1998 1.1120 0.0000 1.7568 1.7902 2.2310 3.1663 2.5089 2.7484 3.6568 1.1304 1.7568 0.0000 1.9266 2.2125 2.6555 3.1024 2.5742 3.4131 1.1561 1.7902 1.9266 0.0000 2.2114 2.5442 2.4520 3.3762 4.0920 1.5376 2.2310 2.2125 2.2114 0.0000 1.1365 1.1324 1.4071 1.9289 2.2148 3.1663 2.6555 2.5442 1.1365 0.0000 1.8059 2.0878 2.2322 2.1345 2.5089 3.1024 2.4520 1.1324 1.8059 0.0000 2.1818 2.5166 2.3721 2.7484 2.5742 3.3762 1.4071 2.0878 2.1818 0.0000 0.9560 
0.0000 1.1088 1.1279 1.1544 1.5371 2.2127 2.1330 2.3710 3.1980 1.1088 0.0000 1.7536 1.7867 2.2278 3.1606 2.5051 2.7468 3.6553 1.1279 1.7536 0.0000 1.9208 2.2115 2.6543 3.0986 2.5728 3.4099 1.1544 1.7867 1.9208 0.0000 2.2098 2.5406 2.4530 3.3740 4.0894 1.5371 2.2278 2.2115 2.2098 0.0000 1.1335 1.1287 1.4079 1.9293 2.2127 3.1606 2.6543 2.5406 1.1335 0.0000 1.7999 2.0864 2.2296 2.1330 2.5051 3.0986 2.4530 1.1287 1.7999 0.0000 2.1790 2.5157 2.3710 2.7468 2.5728 3.3740 1.4079 2.0864 2.1790 0.0000 0.9556 
0.0000 1.1055 1.1251 1.1522 1.5367 2.2104 2.1316 2.3700 3.1966 1.1055 0.0000 1.7502 1.7828 2.2245 3.1544 2.5011 2.7451 3.6539 1.1251 1.7502 0.0000 1.9140 2.2102 2.6527 3.0945 2.5715 3.4070 1.1522 1.7828 1.9140 0.0000 2.2077 2.5366 2.4540 3.3713 4.0865 1.5367 2.2245 2.2102 2.2077 0.0000 1.1302 1.1248 1.4087 1.9300 2.2104 3.1544 2.6527 2.5366 1.1302 0.0000 1.7937 2.0849 2.2272 2.1316 2.5011 3.0945 2.4540 1.1248 1.7937 0.0000 2.1759 2.5146 2.3700 2.7451 2.5715 3.3713 1.4087 2.0849 2.1759 0.0000 0.9557 
0.0000 1.1022 1.1220 1.1494 1.5362 2.2078 2.1302 2.3690 3.1955 1.1022 0.0000 1.7468 1.7786 2.2211 3.1478 2.4970 2.7432 3.6527 1.1220 1.7468 0.0000 1.9063 2.2087 2.6506 3.0901 2.5701 3.4043 1.1494 1.7786 1.9063 0.0000 2.2053 2.5321 2.4550 3.3682 4.0835 1.5362 2.2211 2.2087 2.2053 0.0000 1.1266 1.1207 1.4096 1.9311 2.2078 3.1478 2.6506 2.5321 1.1266 0.0000 1.7871 2.0832 2.2248 2.1302 2.4970 3.0901 2.4550 1.1207 1.7871 0.0000 2.1726 2.5135 2.3690 2.7432 2.5701 3.3682 1.4096 2.0832 2.1726 0.0000 0.9561 
0.0000 1.0988 1.1186 1.1460 1.5357 2.2051 2.1289 2.3680 3.1948 1.0988 0.0000 1.7432 1.7740 2.2175 3.1409 2.4927 2.7411 3.6517 1.1186 1.7432 0.0000 1.8978 2.2069 2.6481 3.0854 2.5687 3.4020 1.1460 1.7740 1.8978 0.0000 2.2024 2.5272 2.4559 3.3646 4.0803 1.5357 2.2175 2.2069 2.2024 0.0000 1.1228 1.1165 1.4105 1.9325 2.2051 3.1409 2.6481 2.5272 1.1228 0.0000 1.7804 2.0813 2.2227 2.1289 2.4927 3.0854 2.4559 1.1165 1.7804 0.0000 2.1690 2.5124 2.3680 2.7411 2.5687 3.3646 1.4105 2.0813 2.1690 0.0000 0.9569 
0.0000 1.0956 1.1150 1.1422 1.5353 2.2022 2.1276 2.3671 3.1945 1.0956 0.0000 1.7397 1.7692 2.2138 3.1338 2.4884 2.7390 3.6509 1.1150 1.7397 0.0000 1.8885 2.2050 2.6452 3.0806 2.5673 3.3999 1.1422 1.7692 1.8885 0.0000 2.1992 2.5219 2.4569 3.3605 4.0771 1.5353 2.2138 2.2050 2.1992 0.0000 1.1189 1.1122 1.4115 1.9342 2.2022 3.1338 2.6452 2.5219 1.1189 0.0000 1.7735 2.0795 2.2207 2.1276 2.4884 3.0806 2.4569 1.1122 1.7735 0.0000 2.1652 2.5111 2.3671 2.7390 2.5673 3.3605 1.4115 2.0795 2.1652 0.0000 0.9580 
0.0000 1.0924 1.1112 1.1378 1.5348 2.1991 2.1264 2.3661 3.1944 1.0924 0.0000 1.7363 1.7642 2.2100 3.1265 2.4841 2.7367 3.6503 1.1112 1.7363 0.0000 1.8786 2.2028 2.6420 3.0756 2.5658 3.3982 1.1378 1.7642 1.8786 0.0000 2.1957 2.5163 2.4579 3.3561 4.0737 1.5348 2.2100 2.2028 2.1957 0.0000 1.1147 1.1079 1.4125 1.9362 2.1991 3.1265 2.6420 2.5163 1.1147 0.0000 1.7665 2.0775 2.2189 2.1264 2.4841 3.0756 2.4579 1.1079 1.7665 0.0000 2.1612 2.5099 2.3661 2.7367 2.5658 3.3561 1.4125 2.0775 2.1612 0.0000 0.9594 
0.0000 1.0893 1.1072 1.1330 1.5342 2.1959 2.1254 2.3653 3.1946 1.0893 0.0000 1.7330 1.7590 2.2062 3.1191 2.4797 2.7345 3.6499 1.1072 1.7330 0.0000 1.8680 2.2005 2.6385 3.0706 2.5644 3.3966 1.1330 1.7590 1.8680 0.0000 2.1918 2.5104 2.4590 3.3513 4.0703 1.5342 2.2062 2.2005 2.1918 0.0000 1.1105 1.1037 1.4136 1.9384 2.1959 3.1191 2.6385 2.5104 1.1105 0.0000 1.7596 2.0755 2.2172 2.1254 2.4797 3.0706 2.4590 1.1037 1.7596 0.0000 2.1571 2.5087 2.3653 2.7345 2.5644 3.3513 1.4136 2.0755 2.1571 0.0000 0.9611 
0.0000 1.0864 1.1032 1.1279 1.5337 2.1926 2.1245 2.3644 3.1951 1.0864 0.0000 1.7298 1.7539 2.2024 3.1117 2.4755 2.7321 3.6497 1.1032 1.7298 0.0000 1.8568 2.1981 2.6348 3.0656 2.5630 3.3953 1.1279 1.7539 1.8568 0.0000 2.1877 2.5042 2.4602 3.3462 4.0667 1.5337 2.2024 2.1981 2.1877 0.0000 1.1061 1.0995 1.4147 1.9409 2.1926 3.1117 2.6348 2.5042 1.1061 0.0000 1.7528 2.0736 2.2158 2.1245 2.4755 3.0656 2.4602 1.0995 1.7528 0.0000 2.1530 2.5075 2.3644 2.7321 2.5630 3.3462 1.4147 2.0736 2.1530 0.0000 0.9630 
0.0000 1.0838 1.0991 1.1224 1.5331 2.1893 2.1238 2.3636 3.1958 1.0838 0.0000 1.7269 1.7487 2.1986 3.1044 2.4713 2.7298 3.6497 1.0991 1.7269 0.0000 1.8453 2.1956 2.6309 3.0607 2.5617 3.3941 1.1224 1.7487 1.8453 0.0000 2.1834 2.4979 2.4615 3.3409 4.0631 1.5331 2.1986 2.1956 2.1834 0.0000 1.1018 1.0955 1.4159 1.9437 2.1893 3.1044 2.6309 2.4979 1.1018 0.0000 1.7462 2.0716 2.2146 2.1238 2.4713 3.0607 2.4615 1.0955 1.7462 0.0000 2.1487 2.5064 2.3636 2.7298 2.5617 3.3409 1.4159 2.0716 2.1487 0.0000 0.9651 
0.0000 1.0813 1.0950 1.1167 1.5325 2.1860 2.1233 2.3628 3.1967 1.0813 0.0000 1.7244 1.7436 2.1949 3.0972 2.4672 2.7275 3.6498 1.0950 1.7244 0.0000 1.8334 2.1930 2.6269 3.0560 2.5604 3.3932 1.1167 1.7436 1.8334 0.0000 2.1788 2.4915 2.4631 3.3354 4.0594 1.5325 2.1949 2.1930 2.1788 0.0000 1.0976 1.0916 1.4171 1.9466 2.1860 3.0972 2.6269 2.4915 1.0976 0.0000 1.7398 2.0698 2.2136 2.1233 2.4672 3.0560 2.4631 1.0916 1.7398 0.0000 2.1445 2.5053 2.3628 2.7275 2.5604 3.3354 1.4171 2.0698 2.1445 0.0000 0.9674 
0.0000 1.0792 1.0910 1.1108 1.5319 2.1827 2.1231 2.3620 3.1977 1.0792 0.0000 1.7221 1.7387 2.1912 3.0902 2.4633 2.7252 3.6501 1.0910 1.7221 0.0000 1.8212 2.1904 2.6228 3.0516 2.5591 3.3924 1.1108 1.7387 1.8212 0.0000 2.1742 2.4850 2.4649 3.3297 4.0557 1.5319 2.1912 2.1904 2.1742 0.0000 1.0934 1.0880 1.4183 1.9496 2.1827 3.0902 2.6228 2.4850 1.0934 0.0000 1.7338 2.0681 2.2128 2.1231 2.4633 3.0516 2.4649 1.0880 1.7338 0.0000 2.1403 2.5042 2.3620 2.7252 2.5591 3.3297 1.4183 2.0681 2.1403 0.0000 0.9698 
0.0000 1.0773 1.0870 1.1047 1.5312 2.1794 2.1231 2.3613 3.1987 1.0773 0.0000 1.7203 1.7341 2.1877 3.0835 2.4597 2.7230 3.6505 1.0870 1.7203 0.0000 1.8089 2.1877 2.6187 3.0476 2.5579 3.3916 1.1047 1.7341 1.8089 0.0000 2.1695 2.4785 2.4670 3.3239 4.0520 1.5312 2.1877 2.1877 2.1695 0.0000 1.0894 1.0847 1.4196 1.9528 2.1794 3.0835 2.6187 2.4785 1.0894 0.0000 1.7282 2.0665 2.2123 2.1231 2.4597 3.0476 2.4670 1.0847 1.7282 0.0000 2.1362 2.5033 2.3613 2.7230 2.5579 3.3239 1.4196 2.0665 2.1362 0.0000 0.9723 
0.0000 1.0758 1.0833 1.0986 1.5305 2.1762 2.1234 2.3606 3.1998 1.0758 0.0000 1.7190 1.7298 2.1842 3.0771 2.4562 2.7208 3.6509 1.0833 1.7190 0.0000 1.7967 2.1852 2.6147 3.0440 2.5568 3.3910 1.0986 1.7298 1.7967 0.0000 2.1648 2.4720 2.4694 3.3181 4.0482 1.5305 2.1842 2.1852 2.1648 0.0000 1.0856 1.0818 1.4208 1.9560 2.1762 3.0771 2.6147 2.4720 1.0856 0.0000 1.7232 2.0651 2.2120 2.1234 2.4562 3.0440 2.4694 1.0818 1.7232 0.0000 2.1322 2.5024 2.3606 2.7208 2.5568 3.3181 1.4208 2.0651 2.1322 0.0000 0.9748 
0.0000 1.0746 1.0797 1.0925 1.5297 2.1732 2.1240 2.3599 3.2009 1.0746 0.0000 1.7182 1.7259 2.1809 3.0712 2.4530 2.7188 3.6514 1.0797 1.7182 0.0000 1.7845 2.1826 2.6107 3.0408 2.5558 3.3904 1.0925 1.7259 1.7845 0.0000 2.1601 2.4657 2.4722 3.3124 4.0445 1.5297 2.1809 2.1826 2.1601 0.0000 1.0821 1.0792 1.4221 1.9593 2.1732 3.0712 2.6107 2.4657 1.0821 0.0000 1.7187 2.0640 2.2119 2.1240 2.4530 3.0408 2.4722 1.0792 1.7187 0.0000 2.1284 2.5016 2.3599 2.7188 2.5558 3.3124 1.4221 2.0640 2.1284 0.0000 0.9772 
0.0000 1.0738 1.0764 1.0866 1.5289 2.1703 2.1250 2.3592 3.2019 1.0738 0.0000 1.7180 1.7224 2.1777 3.0657 2.4501 2.7168 3.6519 1.0764 1.7180 0.0000 1.7725 2.1802 2.6069 3.0383 2.5549 3.3898 1.0866 1.7224 1.7725 0.0000 2.1555 2.4595 2.4754 3.3068 4.0408 1.5289 2.1777 2.1802 2.1555 0.0000 1.0788 1.0770 1.4234 1.9625 2.1703 3.0657 2.6069 2.4595 1.0788 0.0000 1.7148 2.0631 2.2120 2.1250 2.4501 3.0383 2.4754 1.0770 1.7148 0.0000 2.1247 2.5008 2.3592 2.7168 2.5549 3.3068 1.4234 2.0631 2.1247 0.0000 0.9795 
0.0000 1.0734 1.0734 1.0808 1.5280 2.1675 2.1262 2.3586 3.2028 1.0734 0.0000 1.7183 1.7196 2.1747 3.0607 2.4475 2.7149 3.6524 1.0734 1.7183 0.0000 1.7608 2.1779 2.6033 3.0363 2.5542 3.3891 1.0808 1.7196 1.7608 0.0000 2.1511 2.4536 2.4791 3.3014 4.0372 1.5280 2.1747 2.1779 2.1511 0.0000 1.0760 1.0753 1.4247 1.9657 2.1675 3.0607 2.6033 2.4536 1.0760 0.0000 1.7117 2.0625 2.2124 2.1262 2.4475 3.0363 2.4791 1.0753 1.7117 0.0000 2.1212 2.5002 2.3586 2.7149 2.5542 3.3014 1.4247 2.0625 2.1212 0.0000 0.9817 
0.0000 1.0733 1.0708 1.0753 1.5270 2.1650 2.1278 2.3579 3.2036 1.0733 0.0000 1.7193 1.7173 2.1719 3.0563 2.4452 2.7132 3.6529 1.0708 1.7193 0.0000 1.7496 2.1757 2.6000 3.0350 2.5535 3.3884 1.0753 1.7173 1.7496 0.0000 2.1468 2.4480 2.4833 3.2963 4.0337 1.5270 2.1719 2.1757 2.1468 0.0000 1.0735 1.0741 1.4261 1.9688 2.1650 3.0563 2.6000 2.4480 1.0735 0.0000 1.7093 2.0622 2.2129 2.1278 2.4452 3.0350 2.4833 1.0741 1.7093 0.0000 2.1180 2.4997 2.3579 2.7132 2.5535 3.2963 1.4261 2.0622 2.1180 0.0000 0.9838 
0.0000 1.0737 1.0685 1.0702 1.5260 2.1628 2.1298 2.3573 3.2042 1.0737 0.0000 1.7210 1.7156 2.1692 3.0525 2.4432 2.7116 3.6533 1.0685 1.7210 0.0000 1.7389 2.1737 2.5969 3.0344 2.5530 3.3876 1.0702 1.7156 1.7389 0.0000 2.1428 2.4427 2.4880 3.2915 4.0303 1.5260 2.1692 2.1737 2.1428 0.0000 1.0714 1.0733 1.4274 1.9718 2.1628 3.0525 2.5969 2.4427 1.0714 0.0000 1.7077 2.0622 2.2137 2.1298 2.4432 3.0344 2.4880 1.0733 1.7077 0.0000 2.1150 2.4992 2.3573 2.7116 2.5530 3.2915 1.4274 2.0622 2.1150 0.0000 0.9856 
0.0000 1.0743 1.0667 1.0656 1.5249 2.1608 2.1321 2.3567 3.2045 1.0743 0.0000 1.7233 1.7147 2.1667 3.0494 2.4415 2.7102 3.6536 1.0667 1.7233 0.0000 1.7289 2.1720 2.5942 3.0346 2.5526 3.3867 1.0656 1.7147 1.7289 0.0000 2.1392 2.4378 2.4933 3.2872 4.0271 1.5249 2.1667 2.1720 2.1392 0.0000 1.0698 1.0731 1.4287 1.9747 2.1608 3.0494 2.5942 2.4378 1.0698 0.0000 1.7070 2.0626 2.2146 2.1321 2.4415 3.0346 2.4933 1.0731 1.7070 0.0000 2.1123 2.4988 2.3567 2.7102 2.5526 3.2872 1.4287 2.0626 2.1123 0.0000 0.9872 
0.0000 1.0754 1.0653 1.0614 1.5238 2.1591 2.1347 2.3561 3.2047 1.0754 0.0000 1.7262 1.7145 2.1644 3.0468 2.4402 2.7088 3.6537 1.0653 1.7262 0.0000 1.7196 2.1704 2.5919 3.0355 2.5524 3.3856 1.0614 1.7145 1.7196 0.0000 2.1359 2.4333 2.4992 3.2833 4.0241 1.5238 2.1644 2.1704 2.1359 0.0000 1.0687 1.0734 1.4301 1.9774 2.1591 3.0468 2.5919 2.4333 1.0687 0.0000 1.7071 2.0633 2.2157 2.1347 2.4402 3.0355 2.4992 1.0734 1.7071 0.0000 2.1098 2.4985 2.3561 2.7088 2.5524 3.2833 1.4301 2.0633 2.1098 0.0000 0.9885 
0.0000 1.0767 1.0644 1.0578 1.5225 2.1576 2.1376 2.3555 3.2045 1.0767 0.0000 1.7299 1.7151 2.1622 3.0449 2.4391 2.7076 3.6538 1.0644 1.7299 0.0000 1.7111 2.1691 2.5899 3.0372 2.5523 3.3844 1.0578 1.7151 1.7111 0.0000 2.1330 2.4293 2.5056 3.2799 4.0213 1.5225 2.1622 2.1691 2.1330 0.0000 1.0681 1.0742 1.4314 1.9799 2.1576 3.0449 2.5899 2.4293 1.0681 0.0000 1.7080 2.0644 2.2171 2.1376 2.4391 3.0372 2.5056 1.0742 1.7080 0.0000 2.1076 2.4983 2.3555 2.7076 2.5523 3.2799 1.4314 2.0644 2.1076 0.0000 0.9895 
0.0000 1.0784 1.0640 1.0549 1.5213 2.1565 2.1409 2.3549 3.2041 1.0784 0.0000 1.7341 1.7165 2.1603 3.0437 2.4384 2.7066 3.6536 1.0640 1.7341 0.0000 1.7035 2.1680 2.5883 3.0396 2.5523 3.3830 1.0549 1.7165 1.7035 0.0000 2.1306 2.4259 2.5127 3.2771 4.0188 1.5213 2.1603 2.1680 2.1306 0.0000 1.0680 1.0755 1.4327 1.9822 2.1565 3.0437 2.5883 2.4259 1.0680 0.0000 1.7098 2.0659 2.2185 2.1409 2.4384 3.0396 2.5127 1.0755 1.7098 0.0000 2.1057 2.4981 2.3549 2.7066 2.5523 3.2771 1.4327 2.0659 2.1057 0.0000 0.9902 
0.0000 1.0803 1.0640 1.0526 1.5199 2.1557 2.1444 2.3544 3.2034 1.0803 0.0000 1.7390 1.7188 2.1584 3.0431 2.4379 2.7057 3.6533 1.0640 1.7390 0.0000 1.6969 2.1672 2.5872 3.0427 2.5524 3.3814 1.0526 1.7188 1.6969 0.0000 2.1286 2.4229 2.5204 3.2749 4.0166 1.5199 2.1584 2.1672 2.1286 0.0000 1.0684 1.0772 1.4341 1.9843 2.1557 3.0431 2.5872 2.4229 1.0684 0.0000 1.7124 2.0678 2.2201 2.1444 2.4379 3.0427 2.5204 1.0772 1.7124 0.0000 2.1041 2.4980 2.3544 2.7057 2.5524 3.2749 1.4341 2.0678 2.1041 0.0000 0.9905 
0.0000 1.0825 1.0646 1.0511 1.5185 2.1552 2.1482 2.3538 3.2024 1.0825 0.0000 1.7445 1.7218 2.1567 3.0431 2.4378 2.7049 3.6528 1.0646 1.7445 0.0000 1.6912 2.1666 2.5865 3.0466 2.5527 3.3795 1.0511 1.7218 1.6912 0.0000 2.1271 2.4204 2.5287 3.2734 4.0146 1.5185 2.1567 2.1666 2.1271 0.0000 1.0693 1.0794 1.4354 1.9862 2.1552 3.0431 2.5865 2.4204 1.0693 0.0000 1.7159 2.0700 2.2219 2.1482 2.4378 3.0466 2.5287 1.0794 1.7159 0.0000 2.1027 2.4979 2.3538 2.7049 2.5527 3.2734 1.4354 2.0700 2.1027 0.0000 0.9906 
0.0000 1.0849 1.0656 1.0504 1.5170 2.1550 2.1522 2.3532 3.2011 1.0849 0.0000 1.7505 1.7256 2.1552 3.0436 2.4378 2.7042 3.6521 1.0656 1.7505 0.0000 1.6866 2.1663 2.5862 3.0512 2.5530 3.3775 1.0504 1.7256 1.6866 0.0000 2.1262 2.4185 2.5376 3.2726 4.0130 1.5170 2.1552 2.1663 2.1262 0.0000 1.0707 1.0820 1.4367 1.9879 2.1550 3.0436 2.5862 2.4185 1.0707 0.0000 1.7200 2.0725 2.2238 2.1522 2.4378 3.0512 2.5376 1.0820 1.7200 0.0000 2.1016 2.4978 2.3532 2.7042 2.5530 3.2726 1.4367 2.0725 2.1016 0.0000 0.9902 
0.0000 1.0874 1.0671 1.0504 1.5155 2.1551 2.1564 2.3526 3.1994 1.0874 0.0000 1.7570 1.7301 2.1537 3.0447 2.4381 2.7036 3.6511 1.0671 1.7570 0.0000 1.6830 2.1662 2.5862 3.0563 2.5535 3.3751 1.0504 1.7301 1.6830 0.0000 2.1258 2.4172 2.5471 3.2725 4.0118 1.5155 2.1537 2.1662 2.1258 0.0000 1.0726 1.0850 1.4381 1.9893 2.1551 3.0447 2.5862 2.4172 1.0726 0.0000 1.7249 2.0755 2.2257 2.1564 2.4381 3.0563 2.5471 1.0850 1.7249 0.0000 2.1007 2.4978 2.3526 2.7036 2.5535 3.2725 1.4381 2.0755 2.1007 0.0000 0.9896 
0.0000 1.0901 1.0691 1.0512 1.5139 2.1554 2.1608 2.3521 3.1975 1.0901 0.0000 1.7639 1.7354 2.1524 3.0463 2.4385 2.7031 3.6499 1.0691 1.7639 0.0000 1.6804 2.1663 2.5867 3.0621 2.5540 3.3726 1.0512 1.7354 1.6804 0.0000 2.1259 2.4163 2.5570 3.2730 4.0109 1.5139 2.1524 2.1663 2.1259 0.0000 1.0749 1.0883 1.4394 1.9905 2.1554 3.0463 2.5867 2.4163 1.0749 0.0000 1.7305 2.0787 2.2278 2.1608 2.4385 3.0621 2.5570 1.0883 1.7305 0.0000 2.1000 2.4977 2.3521 2.7031 2.5540 3.2730 1.4394 2.0787 2.1000 0.0000 0.9886 
0.0000 1.0929 1.0715 1.0528 1.5123 2.1561 2.1653 2.3515 3.1953 1.0929 0.0000 1.7712 1.7413 2.1511 3.0483 2.4391 2.7027 3.6486 1.0715 1.7712 0.0000 1.6788 2.1667 2.5875 3.0683 2.5545 3.3698 1.0528 1.7413 1.6788 0.0000 2.1266 2.4160 2.5675 3.2742 4.0103 1.5123 2.1511 2.1667 2.1266 0.0000 1.0776 1.0920 1.4407 1.9915 2.1561 3.0483 2.5875 2.4160 1.0776 0.0000 1.7366 2.0822 2.2300 2.1653 2.4391 3.0683 2.5675 1.0920 1.7366 0.0000 2.0995 2.4977 2.3515 2.7027 2.5545 3.2742 1.4407 2.0822 2.0995 0.0000 0.9873 
0.0000 1.0957 1.0742 1.0551 1.5107 2.1569 2.1699 2.3509 3.1929 1.0957 0.0000 1.7788 1.7479 2.1499 3.0507 2.4398 2.7024 3.6470 1.0742 1.7788 0.0000 1.6782 2.1672 2.5886 3.0749 2.5552 3.3668 1.0551 1.7479 1.6782 0.0000 2.1278 2.4161 2.5784 3.2761 4.0101 1.5107 2.1499 2.1672 2.1278 0.0000 1.0806 1.0958 1.4420 1.9923 2.1569 3.0507 2.5886 2.4161 1.0806 0.0000 1.7433 2.0859 2.2322 2.1699 2.4398 3.0749 2.5784 1.0958 1.7433 0.0000 2.0991 2.4976 2.3509 2.7024 2.5552 3.2761 1.4420 2.0859 2.0991 0.0000 0.9858 
0.0000 1.0986 1.0773 1.0581 1.5090 2.1580 2.1746 2.3504 3.1902 1.0986 0.0000 1.7866 1.7549 2.1488 3.0535 2.4406 2.7021 3.6452 1.0773 1.7866 0.0000 1.6786 2.1679 2.5901 3.0818 2.5558 3.3635 1.0581 1.7549 1.6786 0.0000 2.1294 2.4167 2.5896 3.2786 4.0102 1.5090 2.1488 2.1679 2.1294 0.0000 1.0840 1.0998 1.4433 1.9929 2.1580 3.0535 2.5901 2.4167 1.0840 0.0000 1.7504 2.0899 2.2345 2.1746 2.4406 3.0818 2.5896 1.0998 1.7504 0.0000 2.0988 2.4975 2.3504 2.7021 2.5558 3.2786 1.4433 2.0899 2.0988 0.0000 0.9840 
0.0000 1.1014 1.0807 1.0617 1.5074 2.1593 2.1793 2.3498 3.1873 1.1014 0.0000 1.7946 1.7625 2.1477 3.0564 2.4414 2.7019 3.6433 1.0807 1.7946 0.0000 1.6798 2.1688 2.5917 3.0891 2.5564 3.3600 1.0617 1.7625 1.6798 0.0000 2.1315 2.4177 2.6011 3.2816 4.0106 1.5074 2.1477 2.1688 2.1315 0.0000 1.0877 1.1040 1.4445 1.9934 2.1593 3.0564 2.5917 2.4177 1.0877 0.0000 1.7578 2.0941 2.2368 2.1793 2.4414 3.0891 2.6011 1.1040 1.7578 0.0000 2.0987 2.4974 2.3498 2.7019 2.5564 3.2816 1.4445 2.0941 2.0987 0.0000 0.9819 
0.0000 1.1042 1.0844 1.0659 1.5057 2.1607 2.1840 2.3493 3.1843 1.1042 0.0000 1.8026 1.7704 2.1466 3.0596 2.4423 2.7017 3.6412 1.0844 1.8026 0.0000 1.6818 2.1698 2.5936 3.0964 2.5570 3.3563 1.0659 1.7704 1.6818 0.0000 2.1340 2.4190 2.6129 3.2852 4.0114 1.5057 2.1466 2.1698 2.1340 0.0000 1.0915 1.1082 1.4458 1.9936 2.1607 3.0596 2.5936 2.4190 1.0915 0.0000 1.7655 2.0984 2.2392 2.1840 2.4423 3.0964 2.6129 1.1082 1.7655 0.0000 2.0986 2.4973 2.3493 2.7017 2.5570 3.2852 1.4458 2.0984 2.0986 0.0000 0.9797 
0.0000 1.1068 1.0882 1.0707 1.5040 2.1622 2.1886 2.3487 3.1811 1.1068 0.0000 1.8107 1.7786 2.1455 3.0629 2.4431 2.7015 3.6389 1.0882 1.8107 0.0000 1.6846 2.1708 2.5956 3.1038 2.5575 3.3524 1.0707 1.7786 1.6846 0.0000 2.1369 2.4206 2.6248 3.2892 4.0125 1.5040 2.1455 2.1708 2.1369 0.0000 1.0956 1.1124 1.4471 1.9938 2.1622 3.0629 2.5956 2.4206 1.0956 0.0000 1.7734 2.1028 2.2415 2.1886 2.4431 3.1038 2.6248 1.1124 1.7734 0.0000 2.0985 2.4971 2.3487 2.7015 2.5575 3.2892 1.4471 2.1028 2.0985 0.0000 0.9773 
0.0000 1.1094 1.0922 1.0759 1.5024 2.1638 2.1931 2.3482 3.1778 1.1094 0.0000 1.8186 1.7870 2.1444 3.0662 2.4439 2.7013 3.6366 1.0922 1.8186 0.0000 1.6880 2.1720 2.5977 3.1112 2.5579 3.3483 1.0759 1.7870 1.6880 0.0000 2.1401 2.4225 2.6368 3.2937 4.0138 1.5024 2.1444 2.1720 2.1401 0.0000 1.0997 1.1166 1.4483 1.9939 2.1638 3.0662 2.5977 2.4225 1.0997 0.0000 1.7814 2.1073 2.2439 2.1931 2.4439 3.1112 2.6368 1.1166 1.7814 0.0000 2.0984 2.4969 2.3482 2.7013 2.5579 3.2937 1.4483 2.1073 2.0984 0.0000 0.9749 
0.0000 1.1118 1.0963 1.0815 1.5007 2.1655 2.1974 2.3477 3.1745 1.1118 0.0000 1.8264 1.7955 2.1433 3.0695 2.4447 2.7011 3.6341 1.0963 1.8264 0.0000 1.6919 2.1731 2.5998 3.1185 2.5583 3.3441 1.0815 1.7955 1.6919 0.0000 2.1436 2.4245 2.6487 3.2984 4.0153 1.5007 2.1433 2.1731 2.1436 0.0000 1.1039 1.1207 1.4496 1.9938 2.1655 3.0695 2.5998 2.4245 1.1039 0.0000 1.7893 2.1118 2.2463 2.1974 2.4447 3.1185 2.6487 1.1207 1.7893 0.0000 2.0983 2.4966 2.3477 2.7011 2.5583 3.2984 1.4496 2.1118 2.0983 0.0000 0.9724 
0.0000 1.1139 1.1004 1.0873 1.4992 2.1672 2.2016 2.3472 3.1713 1.1139 0.0000 1.8340 1.8040 2.1421 3.0727 2.4453 2.7008 3.6317 1.1004 1.8340 0.0000 1.6964 2.1742 2.6020 3.1256 2.5585 3.3398 1.0873 1.8040 1.6964 0.0000 2.1472 2.4268 2.6606 3.3035 4.0171 1.4992 2.1421 2.1742 2.1472 0.0000 1.1082 1.1246 1.4508 1.9938 2.1672 3.0727 2.6020 2.4268 1.1082 0.0000 1.7972 2.1163 2.2487 2.2016 2.4453 3.1256 2.6606 1.1246 1.7972 0.0000 2.0981 2.4964 2.3472 2.7008 2.5585 3.3035 1.4508 2.1163 2.0981 0.0000 0.9698 
0.0000 1.1159 1.1046 1.0934 1.4976 2.1689 2.2056 2.3467 3.1680 1.1159 0.0000 1.8413 1.8125 2.1409 3.0758 2.4458 2.7006 3.6292 1.1046 1.8413 0.0000 1.7012 2.1753 2.6041 3.1324 2.5585 3.3353 1.0934 1.8125 1.7012 0.0000 2.1511 2.4291 2.6722 3.3087 4.0191 1.4976 2.1409 2.1753 2.1511 0.0000 1.1123 1.1284 1.4520 1.9937 2.1689 3.0758 2.6041 2.4291 1.1123 0.0000 1.8049 2.1208 2.2510 2.2056 2.4458 3.1324 2.6722 1.1284 1.8049 0.0000 2.0978 2.4961 2.3467 2.7006 2.5585 3.3087 1.4520 2.1208 2.0978 0.0000 0.9674 
0.0000 1.1177 1.1086 1.0995 1.4961 2.1706 2.2093 2.3463 3.1649 1.1177 0.0000 1.8482 1.8207 2.1396 3.0787 2.4461 2.7003 3.6268 1.1086 1.8482 0.0000 1.7063 2.1763 2.6061 3.1388 2.5584 3.3308 1.0995 1.8207 1.7063 0.0000 2.1550 2.4314 2.6837 3.3140 4.0212 1.4961 2.1396 2.1763 2.1550 0.0000 1.1164 1.1319 1.4532 1.9937 2.1706 3.0787 2.6061 2.4314 1.1164 0.0000 1.8124 2.1252 2.2533 2.2093 2.4461 3.1388 2.6837 1.1319 1.8124 0.0000 2.0975 2.4957 2.3463 2.7003 2.5584 3.3140 1.4532 2.1252 2.0975 0.0000 0.9650 
0.0000 1.1192 1.1126 1.1057 1.4947 2.1722 2.2128 2.3459 3.1619 1.1192 0.0000 1.8547 1.8288 2.1383 3.0813 2.4463 2.6999 3.6244 1.1126 1.8547 0.0000 1.7117 2.1772 2.6080 3.1448 2.5581 3.3262 1.1057 1.8288 1.7117 0.0000 2.1590 2.4337 2.6947 3.3194 4.0235 1.4947 2.1383 2.1772 2.1590 0.0000 1.1203 1.1352 1.4544 1.9937 2.1722 3.0813 2.6080 2.4337 1.1203 0.0000 1.8196 2.1294 2.2556 2.2128 2.4463 3.1448 2.6947 1.1352 1.8196 0.0000 2.0970 2.4954 2.3459 2.6999 2.5581 3.3194 1.4544 2.1294 2.0970 0.0000 0.9628 
0.0000 1.1204 1.1163 1.1119 1.4934 2.1737 2.2160 2.3455 3.1591 1.1204 0.0000 1.8606 1.8364 2.1369 3.0836 2.4463 2.6995 3.6222 1.1163 1.8606 0.0000 1.7171 2.1779 2.6097 3.1502 2.5575 3.3216 1.1119 1.8364 1.7171 0.0000 2.1630 2.4360 2.7054 3.3247 4.0259 1.4934 2.1369 2.1779 2.1630 0.0000 1.1241 1.1381 1.4555 1.9938 2.1737 3.0836 2.6097 2.4360 1.1241 0.0000 1.8263 2.1336 2.2578 2.2160 2.4463 3.1502 2.7054 1.1381 1.8263 0.0000 2.0963 2.4951 2.3455 2.6995 2.5575 3.3247 1.4555 2.1336 2.0963 0.0000 0.9607 
0.0000 1.1213 1.1199 1.1179 1.4921 2.1751 2.2189 2.3452 3.1565 1.1213 0.0000 1.8661 1.8437 2.1355 3.0856 2.4461 2.6990 3.6201 1.1199 1.8661 0.0000 1.7226 2.1785 2.6111 3.1551 2.5567 3.3170 1.1179 1.8437 1.7226 0.0000 2.1669 2.4381 2.7155 3.3300 4.0283 1.4921 2.1355 2.1785 2.1669 0.0000 1.1276 1.1407 1.4567 1.9941 2.1751 3.0856 2.6111 2.4381 1.1276 0.0000 1.8326 2.1375 2.2599 2.2189 2.4461 3.1551 2.7155 1.1407 1.8326 0.0000 2.0955 2.4947 2.3452 2.6990 2.5567 3.3300 1.4567 2.1375 2.0955 0.0000 0.9589 
0.0000 1.1219 1.1232 1.1237 1.4909 2.1763 2.2215 2.3449 3.1542 1.1219 0.0000 1.8710 1.8505 2.1340 3.0872 2.4457 2.6984 3.6182 1.1232 1.8710 0.0000 1.7280 2.1789 2.6124 3.1593 2.5557 3.3123 1.1237 1.8505 1.7280 0.0000 2.1707 2.4402 2.7252 3.3351 4.0309 1.4909 2.1340 2.1789 2.1707 0.0000 1.1308 1.1430 1.4578 1.9944 2.1763 3.0872 2.6124 2.4402 1.1308 0.0000 1.8384 2.1412 2.2620 2.2215 2.4457 3.1593 2.7252 1.1430 1.8384 0.0000 2.0945 2.4944 2.3449 2.6984 2.5557 3.3351 1.4578 2.1412 2.0945 0.0000 0.9574 
0.0000 1.1223 1.1263 1.1293 1.4898 2.1773 2.2237 2.3446 3.1522 1.1223 0.0000 1.8752 1.8567 2.1324 3.0884 2.4451 2.6978 3.6165 1.1263 1.8752 0.0000 1.7333 2.1791 2.6133 3.1628 2.5544 3.3078 1.1293 1.8567 1.7333 0.0000 2.1743 2.4420 2.7342 3.3399 4.0334 1.4898 2.1324 2.1791 2.1743 0.0000 1.1337 1.1448 1.4589 1.9949 2.1773 3.0884 2.6133 2.4420 1.1337 0.0000 1.8437 2.1447 2.2640 2.2237 2.4451 3.1628 2.7342 1.1448 1.8437 0.0000 2.0933 2.4941 2.3446 2.6978 2.5544 3.3399 1.4589 2.1447 2.0933 0.0000 0.9562 
0.0000 1.1223 1.1290 1.1345 1.4889 2.1781 2.2255 2.3444 3.1506 1.1223 0.0000 1.8788 1.8623 2.1307 3.0891 2.4442 2.6971 3.6150 1.1290 1.8788 0.0000 1.7384 2.1791 2.6139 3.1655 2.5528 3.3032 1.1345 1.8623 1.7384 0.0000 2.1778 2.4435 2.7425 3.3445 4.0360 1.4889 2.1307 2.1791 2.1778 0.0000 1.1363 1.1462 1.4600 1.9956 2.1781 3.0891 2.6139 2.4435 1.1363 0.0000 1.8483 2.1479 2.2659 2.2255 2.4442 3.1655 2.7425 1.1462 1.8483 0.0000 2.0918 2.4938 2.3444 2.6971 2.5528 3.3445 1.4600 2.1479 2.0918 0.0000 0.9553 
0.0000 1.1221 1.1314 1.1393 1.4880 2.1788 2.2270 2.3442 3.1492 1.1221 0.0000 1.8817 1.8673 2.1290 3.0893 2.4432 2.6963 3.6138 1.1314 1.8817 0.0000 1.7433 2.1788 2.6142 3.1675 2.5510 3.2988 1.1393 1.8673 1.7433 0.0000 2.1810 2.4449 2.7501 3.3488 4.0385 1.4880 2.1290 2.1788 2.1810 0.0000 1.1385 1.1472 1.4610 1.9964 2.1788 3.0893 2.6142 2.4449 1.1385 0.0000 1.8523 2.1508 2.2678 2.2270 2.4432 3.1675 2.7501 1.1472 1.8523 0.0000 2.0902 2.4935 2.3442 2.6963 2.5510 3.3488 1.4610 2.1508 2.0902 0.0000 0.9548 
0.0000 1.1215 1.1334 1.1437 1.4872 2.1791 2.2281 2.3441 3.1482 1.1215 0.0000 1.8838 1.8716 2.1272 3.0890 2.4419 2.6955 3.6128 1.1334 1.8838 0.0000 1.7478 2.1782 2.6141 3.1686 2.5488 3.2944 1.1437 1.8716 1.7478 0.0000 2.1839 2.4459 2.7570 3.3527 4.0410 1.4872 2.1272 2.1782 2.1839 0.0000 1.1403 1.1477 1.4620 1.9975 2.1791 3.0890 2.6141 2.4459 1.1403 0.0000 1.8557 2.1534 2.2695 2.2281 2.4419 3.1686 2.7570 1.1477 1.8557 0.0000 2.0884 2.4933 2.3441 2.6955 2.5488 3.3527 1.4620 2.1534 2.0884 0.0000 0.9546 
0.0000 1.1207 1.1350 1.1476 1.4866 2.1793 2.2288 2.3440 3.1476 1.1207 0.0000 1.8853 1.8752 2.1254 3.0883 2.4404 2.6946 3.6121 1.1350 1.8853 0.0000 1.7520 2.1773 2.6136 3.1689 2.5463 3.2900 1.1476 1.8752 1.7520 0.0000 2.1866 2.4466 2.7630 3.3562 4.0434 1.4866 2.1254 2.1773 2.1866 0.0000 1.1417 1.1477 1.4630 1.9987 2.1793 3.0883 2.6136 2.4466 1.1417 0.0000 1.8583 2.1557 2.2711 2.2288 2.4404 3.1689 2.7630 1.1477 1.8583 0.0000 2.0863 2.4931 2.3440 2.6946 2.5463 3.3562 1.4630 2.1557 2.0863 0.0000 0.9548 
0.0000 1.1195 1.1363 1.1510 1.4860 2.1792 2.2292 2.3439 3.1473 1.1195 0.0000 1.8860 1.8780 2.1236 3.0870 2.4386 2.6937 3.6117 1.1363 1.8860 0.0000 1.7558 2.1762 2.6127 3.1684 2.5435 3.2857 1.1510 1.8780 1.7558 0.0000 2.1889 2.4470 2.7682 3.3593 4.0457 1.4860 2.1236 2.1762 2.1889 0.0000 1.1427 1.1473 1.4640 2.0001 2.1792 3.0870 2.6127 2.4470 1.1427 0.0000 1.8602 2.1577 2.2725 2.2292 2.4386 3.1684 2.7682 1.1473 1.8602 0.0000 2.0840 2.4929 2.3439 2.6937 2.5435 3.3593 1.4640 2.1577 2.0840 0.0000 0.9554 
0.0000 1.1182 1.1370 1.1538 1.4856 2.1788 2.2291 2.3439 3.1474 1.1182 0.0000 1.8860 1.8800 2.1217 3.0853 2.4367 2.6927 3.6116 1.1370 1.8860 0.0000 1.7592 2.1747 2.6114 3.1670 2.5404 3.2815 1.1538 1.8800 1.7592 0.0000 2.1908 2.4471 2.7726 3.3619 4.0478 1.4856 2.1217 2.1747 2.1908 0.0000 1.1432 1.1464 1.4649 2.0017 2.1788 3.0853 2.6114 2.4471 1.1432 0.0000 1.8613 2.1593 2.2738 2.2291 2.4367 3.1670 2.7726 1.1464 1.8613 0.0000 2.0815 2.4927 2.3439 2.6927 2.5404 3.3619 1.4649 2.1593 2.0815 0.0000 0.9563 
0.0000 1.1165 1.1374 1.1560 1.4853 2.1782 2.2287 2.3440 3.1478 1.1165 0.0000 1.8852 1.8813 2.1198 3.0831 2.4346 2.6916 3.6117 1.1374 1.8852 0.0000 1.7620 2.1730 2.6097 3.1647 2.5370 3.2773 1.1560 1.8813 1.7620 0.0000 2.1924 2.4468 2.7761 3.3641 4.0497 1.4853 2.1198 2.1730 2.1924 0.0000 1.1433 1.1451 1.4658 2.0034 2.1782 3.0831 2.6097 2.4468 1.1433 0.0000 1.8618 2.1606 2.2750 2.2287 2.4346 3.1647 2.7761 1.1451 1.8618 0.0000 2.0788 2.4926 2.3440 2.6916 2.5370 3.3641 1.4658 2.1606 2.0788 0.0000 0.9576 
0.0000 1.1147 1.1373 1.1576 1.4851 2.1772 2.2279 2.3441 3.1485 1.1147 0.0000 1.8838 1.8818 2.1180 3.0804 2.4323 2.6906 3.6121 1.1373 1.8838 0.0000 1.7644 2.1709 2.6076 3.1616 2.5333 3.2731 1.1576 1.8818 1.7644 0.0000 2.1936 2.4461 2.7787 3.3657 4.0513 1.4851 2.1180 2.1709 2.1936 0.0000 1.1430 1.1433 1.4667 2.0053 2.1772 3.0804 2.6076 2.4461 1.1430 0.0000 1.8614 2.1616 2.2761 2.2279 2.4323 3.1616 2.7787 1.1433 1.8614 0.0000 2.0759 2.4925 2.3441 2.6906 2.5333 3.3657 1.4667 2.1616 2.0759 0.0000 0.9591 
0.0000 1.1126 1.1368 1.1586 1.4851 2.1761 2.2268 2.3443 3.1495 1.1126 0.0000 1.8816 1.8814 2.1161 3.0772 2.4298 2.6895 3.6127 1.1368 1.8816 0.0000 1.7663 2.1686 2.6052 3.1576 2.5294 3.2690 1.1586 1.8814 1.7663 0.0000 2.1944 2.4451 2.7804 3.3668 4.0528 1.4851 2.1161 2.1686 2.1944 0.0000 1.1422 1.1411 1.4676 2.0073 2.1761 3.0772 2.6052 2.4451 1.1422 0.0000 1.8604 2.1622 2.2769 2.2268 2.4298 3.1576 2.7804 1.1411 1.8604 0.0000 2.0729 2.4923 2.3443 2.6895 2.5294 3.3668 1.4676 2.1622 2.0729 0.0000 0.9609 
0.0000 1.1103 1.1359 1.1590 1.4851 2.1746 2.2253 2.3445 3.1507 1.1103 0.0000 1.8788 1.8803 2.1143 3.0737 2.4272 2.6885 3.6135 1.1359 1.8788 0.0000 1.7677 2.1659 2.6023 3.1528 2.5251 3.2648 1.1590 1.8803 1.7677 0.0000 2.1947 2.4437 2.7813 3.3674 4.0539 1.4851 2.1143 2.1659 2.1947 0.0000 1.1409 1.1385 1.4684 2.0094 2.1746 3.0737 2.6023 2.4437 1.1409 0.0000 1.8586 2.1625 2.2776 2.2253 2.4272 3.1528 2.7813 1.1385 1.8586 0.0000 2.0697 2.4922 2.3445 2.6885 2.5251 3.3674 1.4684 2.1625 2.0697 0.0000 0.9630 
0.0000 1.1079 1.1345 1.1587 1.4853 2.1729 2.2235 2.3448 3.1521 1.1079 0.0000 1.8753 1.8785 2.1126 3.0697 2.4245 2.6875 3.6145 1.1345 1.8753 0.0000 1.7686 2.1630 2.5990 3.1473 2.5205 3.2606 1.1587 1.8785 1.7686 0.0000 2.1947 2.4419 2.7813 3.3674 4.0546 1.4853 2.1126 2.1630 2.1947 0.0000 1.1393 1.1355 1.4692 2.0115 2.1729 3.0697 2.5990 2.4419 1.1393 0.0000 1.8562 2.1624 2.2782 2.2235 2.4245 3.1473 2.7813 1.1355 1.8562 0.0000 2.0664 2.4921 2.3448 2.6875 2.5205 3.3674 1.4692 2.1624 2.0664 0.0000 0.9652 
0.0000 1.1054 1.1328 1.1577 1.4856 2.1710 2.2213 2.3452 3.1537 1.1054 0.0000 1.8712 1.8759 2.1109 3.0654 2.4217 2.6865 3.6156 1.1328 1.8712 0.0000 1.7689 2.1597 2.5954 3.1409 2.5157 3.2563 1.1577 1.8759 1.7689 0.0000 2.1943 2.4398 2.7804 3.3670 4.0551 1.4856 2.1109 2.1597 2.1943 0.0000 1.1372 1.1321 1.4699 2.0136 2.1710 3.0654 2.5954 2.4398 1.1372 0.0000 1.8531 2.1621 2.2785 2.2213 2.4217 3.1409 2.7804 1.1321 1.8531 0.0000 2.0629 2.4920 2.3452 2.6865 2.5157 3.3670 1.4699 2.1621 2.0629 0.0000 0.9676 
0.0000 1.1028 1.1307 1.1561 1.4860 2.1688 2.2189 2.3456 3.1554 1.1028 0.0000 1.8665 1.8726 2.1094 3.0608 2.4189 2.6856 3.6169 1.1307 1.8665 0.0000 1.7688 2.1563 2.5914 3.1339 2.5107 3.2519 1.1561 1.8726 1.7688 0.0000 2.1934 2.4374 2.7788 3.3660 4.0551 1.4860 2.1094 2.1563 2.1934 0.0000 1.1348 1.1284 1.4707 2.0158 2.1688 3.0608 2.5914 2.4374 1.1348 0.0000 1.8494 2.1614 2.2786 2.2189 2.4189 3.1339 2.7788 1.1284 1.8494 0.0000 2.0594 2.4918 2.3456 2.6856 2.5107 3.3660 1.4707 2.1614 2.0594 0.0000 0.9701 
0.0000 1.1001 1.1282 1.1539 1.4865 2.1665 2.2163 2.3461 3.1572 1.1001 0.0000 1.8613 1.8686 2.1080 3.0560 2.4160 2.6848 3.6183 1.1282 1.8613 0.0000 1.7682 2.1525 2.5872 3.1263 2.5054 3.2474 1.1539 1.8686 1.7682 0.0000 2.1922 2.4347 2.7763 3.3646 4.0547 1.4865 2.1080 2.1525 2.1922 0.0000 1.1320 1.1244 1.4714 2.0178 2.1665 3.0560 2.5872 2.4347 1.1320 0.0000 1.8451 2.1604 2.2786 2.2163 2.4160 3.1263 2.7763 1.1244 1.8451 0.0000 2.0558 2.4917 2.3461 2.6848 2.5054 3.3646 1.4714 2.1604 2.0558 0.0000 0.9725 
0.0000 1.0974 1.1254 1.1511 1.4870 2.1639 2.2134 2.3466 3.1590 1.0974 0.0000 1.8557 1.8641 2.1067 3.0509 2.4131 2.6840 3.6197 1.1254 1.8557 0.0000 1.7671 2.1486 2.5826 3.1181 2.4999 3.2428 1.1511 1.8641 1.7671 0.0000 2.1906 2.4317 2.7731 3.3626 4.0539 1.4870 2.1067 2.1486 2.1906 0.0000 1.1289 1.1201 1.4720 2.0199 2.1639 3.0509 2.5826 2.4317 1.1289 0.0000 1.8403 2.1592 2.2784 2.2134 2.4131 3.1181 2.7731 1.1201 1.8403 0.0000 2.0522 2.4915 2.3466 2.6840 2.4999 3.3626 1.4720 2.1592 2.0522 0.0000 0.9750 
0.0000 1.0947 1.1223 1.1477 1.4877 2.1612 2.2103 2.3473 3.1609 1.0947 0.0000 1.8496 1.8589 2.1056 3.0457 2.4103 2.6834 3.6212 1.1223 1.8496 0.0000 1.7656 2.1444 2.5779 3.1094 2.4942 3.2380 1.1477 1.8589 1.7656 0.0000 2.1887 2.4284 2.7692 3.3602 4.0526 1.4877 2.1056 2.1444 2.1887 0.0000 1.1254 1.1157 1.4727 2.0217 2.1612 3.0457 2.5779 2.4284 1.1254 0.0000 1.8350 2.1577 2.2779 2.2103 2.4103 3.1094 2.7692 1.1157 1.8350 0.0000 2.0487 2.4913 2.3473 2.6834 2.4942 3.3602 1.4727 2.1577 2.0487 0.0000 0.9774 
0.0000 1.0921 1.1189 1.1438 1.4885 2.1583 2.2071 2.3479 3.1626 1.0921 0.0000 1.8432 1.8532 2.1047 3.0405 2.4075 2.6830 3.6227 1.1189 1.8432 0.0000 1.7637 2.1401 2.5729 3.1002 2.4884 3.2330 1.1438 1.8532 1.7637 0.0000 2.1864 2.4249 2.7646 3.3574 4.0508 1.4885 2.1047 2.1401 2.1864 0.0000 1.1217 1.1111 1.4733 2.0235 2.1583 3.0405 2.5729 2.4249 1.1217 0.0000 1.8293 2.1560 2.2773 2.2071 2.4075 3.1002 2.7646 1.1111 1.8293 0.0000 2.0452 2.4910 2.3479 2.6830 2.4884 3.3574 1.4733 2.1560 2.0452 0.0000 0.9797 
0.0000 1.0895 1.1153 1.1393 1.4894 2.1553 2.2038 2.3487 3.1643 1.0895 0.0000 1.8365 1.8470 2.1040 3.0352 2.4048 2.6826 3.6242 1.1153 1.8365 0.0000 1.7614 2.1356 2.5678 3.0907 2.4824 3.2278 1.1393 1.8470 1.7614 0.0000 2.1838 2.4212 2.7595 3.3542 4.0487 1.4894 2.1040 2.1356 2.1838 0.0000 1.1177 1.1063 1.4738 2.0251 2.1553 3.0352 2.5678 2.4212 1.1177 0.0000 1.8233 2.1542 2.2765 2.2038 2.4048 3.0907 2.7595 1.1063 1.8233 0.0000 2.0417 2.4908 2.3487 2.6826 2.4824 3.3542 1.4738 2.1542 2.0417 0.0000 0.9819 
0.0000 1.0870 1.1115 1.1344 1.4903 2.1522 2.2004 2.3494 3.1659 1.0870 0.0000 1.8296 1.8405 2.1035 3.0299 2.4023 2.6825 3.6256 1.1115 1.8296 0.0000 1.7589 2.1310 2.5625 3.0810 2.4763 3.2224 1.1344 1.8405 1.7589 0.0000 2.1810 2.4174 2.7538 3.3507 4.0460 1.4903 2.1035 2.1310 2.1810 0.0000 1.1136 1.1016 1.4743 2.0264 2.1522 3.0299 2.5625 2.4174 1.1136 0.0000 1.8170 2.1521 2.2755 2.2004 2.4023 3.0810 2.7538 1.1016 1.8170 0.0000 2.0384 2.4905 2.3494 2.6825 2.4763 3.3507 1.4743 2.1521 2.0384 0.0000 0.9838 
0.0000 1.0847 1.1077 1.1291 1.4913 2.1491 2.1969 2.3503 3.1673 1.0847 0.0000 1.8226 1.8336 2.1033 3.0248 2.4000 2.6825 3.6271 1.1077 1.8226 0.0000 1.7561 2.1263 2.5572 3.0710 2.4701 3.2168 1.1291 1.8336 1.7561 0.0000 2.1779 2.4134 2.7477 3.3469 4.0430 1.4913 2.1033 2.1263 2.1779 0.0000 1.1094 1.0968 1.4748 2.0276 2.1491 3.0248 2.5572 2.4134 1.1094 0.0000 1.8105 2.1499 2.2743 2.1969 2.4000 3.0710 2.7477 1.0968 1.8105 0.0000 2.0353 2.4903 2.3503 2.6825 2.4701 3.3469 1.4748 2.1499 2.0353 0.0000 0.9856 
0.0000 1.0826 1.1037 1.1234 1.4923 2.1460 2.1935 2.3512 3.1685 1.0826 0.0000 1.8154 1.8265 2.1034 3.0199 2.3979 2.6828 3.6284 1.1037 1.8154 0.0000 1.7532 2.1215 2.5519 3.0610 2.4638 3.2110 1.1234 1.8265 1.7532 0.0000 2.1747 2.4094 2.7412 3.3428 4.0395 1.4923 2.1034 2.1215 2.1747 0.0000 1.1050 1.0921 1.4753 2.0285 2.1460 3.0199 2.5519 2.4094 1.1050 0.0000 1.8040 2.1477 2.2729 2.1935 2.3979 3.0610 2.7412 1.0921 1.8040 0.0000 2.0324 2.4900 2.3512 2.6828 2.4638 3.3428 1.4753 2.1477 2.0324 0.0000 0.9870 
0.0000 1.0806 1.0997 1.1174 1.4934 2.1428 2.1901 2.3521 3.1695 1.0806 0.0000 1.8082 1.8191 2.1037 3.0152 2.3960 2.6833 3.6297 1.0997 1.8082 0.0000 1.7502 2.1167 2.5467 3.0511 2.4575 3.2049 1.1174 1.8191 1.7502 0.0000 2.1712 2.4053 2.7344 3.3385 4.0356 1.4934 2.1037 2.1167 2.1712 0.0000 1.1006 1.0876 1.4757 2.0291 2.1428 3.0152 2.5467 2.4053 1.1006 0.0000 1.7974 2.1454 2.2714 2.1901 2.3960 3.0511 2.7344 1.0876 1.7974 0.0000 2.0298 2.4898 2.3521 2.6833 2.4575 3.3385 1.4757 2.1454 2.0298 0.0000 0.9882 
0.0000 1.0789 1.0957 1.1112 1.4945 2.1398 2.1867 2.3531 3.1702 1.0789 0.0000 1.8012 1.8117 2.1043 3.0108 2.3944 2.6840 3.6309 1.0957 1.8012 0.0000 1.7471 2.1120 2.5415 3.0412 2.4512 3.1987 1.1112 1.8117 1.7471 0.0000 2.1677 2.4013 2.7274 3.3340 4.0314 1.4945 2.1043 2.1120 2.1677 0.0000 1.0963 1.0832 1.4761 2.0295 2.1398 3.0108 2.5415 2.4013 1.0963 0.0000 1.7909 2.1430 2.2697 2.1867 2.3944 3.0412 2.7274 1.0832 1.7909 0.0000 2.0274 2.4897 2.3531 2.6840 2.4512 3.3340 1.4761 2.1430 2.0274 0.0000 0.9890 
0.0000 1.0775 1.0918 1.1048 1.4956 2.1368 2.1836 2.3542 3.1707 1.0775 0.0000 1.7942 1.8043 2.1052 3.0069 2.3932 2.6849 3.6321 1.0918 1.7942 0.0000 1.7442 2.1072 2.5366 3.0316 2.4449 3.1922 1.1048 1.8043 1.7442 0.0000 2.1642 2.3974 2.7203 3.3295 4.0269 1.4956 2.1052 2.1072 2.1642 0.0000 1.0920 1.0791 1.4764 2.0295 2.1368 3.0069 2.5366 2.3974 1.0920 0.0000 1.7846 2.1407 2.2679 2.1836 2.3932 3.0316 2.7203 1.0791 1.7846 0.0000 2.0254 2.4896 2.3542 2.6849 2.4449 3.3295 1.4764 2.1407 2.0254 0.0000 0.9896 
0.0000 1.0763 1.0880 1.0984 1.4968 2.1340 2.1805 2.3552 3.1709 1.0763 0.0000 1.7874 1.7969 2.1065 3.0033 2.3922 2.6861 3.6331 1.0880 1.7874 0.0000 1.7413 2.1026 2.5318 3.0223 2.4386 3.1855 1.0984 1.7969 1.7413 0.0000 2.1606 2.3937 2.7131 3.3250 4.0221 1.4968 2.1065 2.1026 2.1606 0.0000 1.0878 1.0753 1.4767 2.0293 2.1340 3.0033 2.5318 2.3937 1.0878 0.0000 1.7786 2.1384 2.2660 2.1805 2.3922 3.0223 2.7131 1.0753 1.7786 0.0000 2.0238 2.4897 2.3552 2.6861 2.4386 3.3250 1.4767 2.1384 2.0238 0.0000 0.9898 
0.0000 1.0754 1.0844 1.0919 1.4980 2.1314 2.1777 2.3563 3.1709 1.0754 0.0000 1.7809 1.7896 2.1080 3.0003 2.3917 2.6875 3.6341 1.0844 1.7809 0.0000 1.7387 2.0981 2.5273 3.0134 2.4324 3.1786 1.0919 1.7896 1.7387 0.0000 2.1571 2.3901 2.7060 3.3206 4.0172 1.4980 2.1080 2.0981 2.1571 0.0000 1.0839 1.0718 1.4769 2.0288 2.1314 3.0003 2.5273 2.3901 1.0839 0.0000 1.7729 2.1363 2.2640 2.1777 2.3917 3.0134 2.7060 1.0718 1.7729 0.0000 2.0225 2.4899 2.3563 2.6875 2.4324 3.3206 1.4769 2.1363 2.0225 0.0000 0.9896 
0.0000 1.0749 1.0811 1.0856 1.4992 2.1289 2.1751 2.3575 3.1706 1.0749 0.0000 1.7747 1.7826 2.1099 2.9978 2.3916 2.6892 3.6351 1.0811 1.7747 0.0000 1.7364 2.0937 2.5232 3.0050 2.4263 3.1715 1.0856 1.7826 1.7364 0.0000 2.1537 2.3868 2.6991 3.3162 4.0121 1.4992 2.1099 2.0937 2.1537 0.0000 1.0801 1.0688 1.4771 2.0279 2.1289 2.9978 2.5232 2.3868 1.0801 0.0000 1.7676 2.1342 2.2619 2.1751 2.3916 3.0050 2.6991 1.0688 1.7676 0.0000 2.0217 2.4902 2.3575 2.6892 2.4263 3.3162 1.4771 2.1342 2.0217 0.0000 0.9891 
0.0000 1.0746 1.0780 1.0794 1.5003 2.1267 2.1728 2.3586 3.1700 1.0746 0.0000 1.7689 1.7759 2.1120 2.9960 2.3919 2.6911 3.6359 1.0780 1.7689 0.0000 1.7345 2.0896 2.5195 2.9972 2.4202 3.1643 1.0794 1.7759 1.7345 0.0000 2.1506 2.3839 2.6924 3.3121 4.0070 1.5003 2.1120 2.0896 2.1506 0.0000 1.0767 1.0662 1.4772 2.0268 2.1267 2.9960 2.5195 2.3839 1.0767 0.0000 1.7628 2.1323 2.2597 2.1728 2.3919 2.9972 2.6924 1.0662 1.7628 0.0000 2.0214 2.4907 2.3586 2.6911 2.4202 3.3121 1.4772 2.1323 2.0214 0.0000 0.9883 
0.0000 1.0746 1.0752 1.0735 1.5015 2.1248 2.1708 2.3598 3.1691 1.0746 0.0000 1.7635 1.7696 2.1145 2.9948 2.3926 2.6933 3.6367 1.0752 1.7635 0.0000 1.7331 2.0856 2.5162 2.9900 2.4143 3.1570 1.0735 1.7696 1.7331 0.0000 2.1476 2.3813 2.6860 3.3083 4.0019 1.5015 2.1145 2.0856 2.1476 0.0000 1.0736 1.0641 1.4773 2.0255 2.1248 2.9948 2.5162 2.3813 1.0736 0.0000 1.7586 2.1307 2.2576 2.1708 2.3926 2.9900 2.6860 1.0641 1.7586 0.0000 2.0215 2.4914 2.3598 2.6933 2.4143 3.3083 1.4773 2.1307 2.0215 0.0000 0.9872 
0.0000 1.0750 1.0728 1.0679 1.5026 2.1232 2.1691 2.3609 3.1680 1.0750 0.0000 1.7585 1.7638 2.1172 2.9942 2.3937 2.6957 3.6375 1.0728 1.7585 0.0000 1.7322 2.0819 2.5134 2.9836 2.4086 3.1496 1.0679 1.7638 1.7322 0.0000 2.1449 2.3791 2.6800 3.3048 3.9969 1.5026 2.1172 2.0819 2.1449 0.0000 1.0709 1.0626 1.4773 2.0238 2.1232 2.9942 2.5134 2.3791 1.0709 0.0000 1.7550 2.1292 2.2553 2.1691 2.3937 2.9836 2.6800 1.0626 1.7550 0.0000 2.0222 2.4924 2.3609 2.6957 2.4086 3.3048 1.4773 2.1292 2.0222 0.0000 0.9858 
0.0000 1.0757 1.0708 1.0628 1.5037 2.1220 2.1677 2.3621 3.1666 1.0757 0.0000 1.7541 1.7584 2.1202 2.9944 2.3953 2.6984 3.6383 1.0708 1.7541 0.0000 1.7320 2.0785 2.5111 2.9780 2.4030 3.1421 1.0628 1.7584 1.7320 0.0000 2.1426 2.3774 2.6744 3.3017 3.9921 1.5037 2.1202 2.0785 2.1426 0.0000 1.0686 1.0616 1.4773 2.0219 2.1220 2.9944 2.5111 2.3774 1.0686 0.0000 1.7521 2.1280 2.2531 2.1677 2.3953 2.9780 2.6744 1.0616 1.7521 0.0000 2.0233 2.4936 2.3621 2.6984 2.4030 3.3017 1.4773 2.1280 2.0233 0.0000 0.9841 
0.0000 1.0766 1.0692 1.0582 1.5048 2.1211 2.1666 2.3632 3.1650 1.0766 0.0000 1.7501 1.7537 2.1235 2.9953 2.3974 2.7013 3.6390 1.0692 1.7501 0.0000 1.7325 2.0754 2.5094 2.9732 2.3976 3.1345 1.0582 1.7537 1.7325 0.0000 2.1408 2.3763 2.6694 3.2991 3.9875 1.5048 2.1235 2.0754 2.1408 0.0000 1.0668 1.0611 1.4772 2.0198 2.1211 2.9953 2.5094 2.3763 1.0668 0.0000 1.7500 2.1271 2.2510 2.1666 2.3974 2.9732 2.6694 1.0611 1.7500 0.0000 2.0250 2.4951 2.3632 2.7013 2.3976 3.2991 1.4772 2.1271 2.0250 0.0000 0.9822 
0.0000 1.0778 1.0681 1.0542 1.5058 2.1205 2.1659 2.3643 3.1633 1.0778 0.0000 1.7467 1.7496 2.1270 2.9969 2.3998 2.7044 3.6398 1.0681 1.7467 0.0000 1.7338 2.0726 2.5082 2.9693 2.3924 3.1270 1.0542 1.7496 1.7338 0.0000 2.1393 2.3757 2.6650 3.2970 3.9833 1.5058 2.1270 2.0726 2.1393 0.0000 1.0655 1.0613 1.4770 2.0176 2.1205 2.9969 2.5082 2.3757 1.0655 0.0000 1.7485 2.1264 2.2488 2.1659 2.3998 2.9693 2.6650 1.0613 1.7485 0.0000 2.0272 2.4969 2.3643 2.7044 2.3924 3.2970 1.4770 2.1264 2.0272 0.0000 0.9801 
0.0000 1.0793 1.0674 1.0508 1.5068 2.1204 2.1656 2.3654 3.1614 1.0793 0.0000 1.7439 1.7462 2.1308 2.9993 2.4027 2.7076 3.6406 1.0674 1.7439 0.0000 1.7359 2.0701 2.5077 2.9663 2.3873 3.1196 1.0508 1.7462 1.7359 0.0000 2.1384 2.3757 2.6613 3.2955 3.9796 1.5068 2.1308 2.0701 2.1384 0.0000 1.0647 1.0620 1.4768 2.0151 2.1204 2.9993 2.5077 2.3757 1.0647 0.0000 1.7479 2.1261 2.2468 2.1656 2.4027 2.9663 2.6613 1.0620 1.7479 0.0000 2.0299 2.4991 2.3654 2.7076 2.3873 3.2955 1.4768 2.1261 2.0299 0.0000 0.9778 
0.0000 1.0811 1.0672 1.0482 1.5077 2.1207 2.1656 2.3665 3.1593 1.0811 0.0000 1.7415 1.7435 2.1347 3.0023 2.4060 2.7111 3.6415 1.0672 1.7415 0.0000 1.7388 2.0680 2.5079 2.9641 2.3826 3.1122 1.0482 1.7435 1.7388 0.0000 2.1380 2.3764 2.6582 3.2947 3.9763 1.5077 2.1347 2.0680 2.1380 0.0000 1.0644 1.0633 1.4766 2.0126 2.1207 3.0023 2.5079 2.3764 1.0644 0.0000 1.7480 2.1261 2.2448 2.1656 2.4060 2.9641 2.6582 1.0633 1.7480 0.0000 2.0330 2.5015 2.3665 2.7111 2.3826 3.2947 1.4766 2.1261 2.0330 0.0000 0.9754 
0.0000 1.0830 1.0675 1.0463 1.5086 2.1214 2.1660 2.3675 3.1572 1.0830 0.0000 1.7398 1.7415 2.1388 3.0061 2.4097 2.7147 3.6425 1.0675 1.7398 0.0000 1.7427 2.0662 2.5086 2.9629 2.3780 3.1050 1.0463 1.7415 1.7427 0.0000 2.1382 2.3777 2.6558 3.2945 3.9736 1.5086 2.1388 2.0662 2.1382 0.0000 1.0647 1.0651 1.4762 2.0099 2.1214 3.0061 2.5086 2.3777 1.0647 0.0000 1.7490 2.1264 2.2429 2.1660 2.4097 2.9629 2.6558 1.0651 1.7490 0.0000 2.0367 2.5044 2.3675 2.7147 2.3780 3.2945 1.4762 2.1264 2.0367 0.0000 0.9730 
0.0000 1.0852 1.0682 1.0452 1.5094 2.1225 2.1666 2.3685 3.1550 1.0852 0.0000 1.7385 1.7403 2.1431 3.0105 2.4138 2.7185 3.6437 1.0682 1.7385 0.0000 1.7474 2.0648 2.5100 2.9626 2.3737 3.0979 1.0452 1.7403 1.7474 0.0000 2.1389 2.3796 2.6541 3.2950 3.9714 1.5094 2.1431 2.0648 2.1389 0.0000 1.0655 1.0675 1.4758 2.0072 2.1225 3.0105 2.5100 2.3796 1.0655 0.0000 1.7506 2.1270 2.2412 2.1666 2.4138 2.9626 2.6541 1.0675 1.7506 0.0000 2.0408 2.5076 2.3685 2.7185 2.3737 3.2950 1.4758 2.1270 2.0408 0.0000 0.9705 
0.0000 1.0875 1.0694 1.0449 1.5102 2.1240 2.1676 2.3695 3.1527 1.0875 0.0000 1.7378 1.7398 2.1475 3.0156 2.4182 2.7223 3.6449 1.0694 1.7378 0.0000 1.7530 2.0637 2.5120 2.9630 2.3696 3.0911 1.0449 1.7398 1.7530 0.0000 2.1403 2.3822 2.6531 3.2963 3.9700 1.5102 2.1475 2.0637 2.1403 0.0000 1.0668 1.0704 1.4754 2.0045 2.1240 3.0156 2.5120 2.3822 1.0668 0.0000 1.7530 2.1279 2.2396 2.1676 2.4182 2.9630 2.6531 1.0704 1.7530 0.0000 2.0453 2.5111 2.3695 2.7223 2.3696 3.2963 1.4754 2.1279 2.0453 0.0000 0.9680 
0.0000 1.0899 1.0710 1.0454 1.5109 2.1259 2.1688 2.3704 3.1506 1.0899 0.0000 1.7375 1.7401 2.1520 3.0212 2.4228 2.7263 3.6464 1.0710 1.7375 0.0000 1.7595 2.0630 2.5146 2.9643 2.3658 3.0846 1.0454 1.7401 1.7595 0.0000 2.1423 2.3855 2.6528 3.2982 3.9692 1.5109 2.1520 2.0630 2.1423 0.0000 1.0686 1.0736 1.4749 2.0017 2.1259 3.0212 2.5146 2.3855 1.0686 0.0000 1.7560 2.1291 2.2381 2.1688 2.4228 2.9643 2.6528 1.0736 1.7560 0.0000 2.0502 2.5151 2.3704 2.7263 2.3658 3.2982 1.4749 2.1291 2.0502 0.0000 0.9656 
0.0000 1.0924 1.0730 1.0468 1.5116 2.1281 2.1702 2.3712 3.1484 1.0924 0.0000 1.7376 1.7411 2.1565 3.0274 2.4278 2.7303 3.6480 1.0730 1.7376 0.0000 1.7668 2.0627 2.5178 2.9664 2.3622 3.0784 1.0468 1.7411 1.7668 0.0000 2.1448 2.3894 2.6531 3.3008 3.9692 1.5116 2.1565 2.0627 2.1448 0.0000 1.0709 1.0773 1.4743 1.9991 2.1281 3.0274 2.5178 2.3894 1.0709 0.0000 1.7596 2.1305 2.2368 2.1702 2.4278 2.9664 2.6531 1.0773 1.7596 0.0000 2.0555 2.5194 2.3712 2.7303 2.3622 3.3008 1.4743 2.1305 2.0555 0.0000 0.9634 
0.0000 1.0950 1.0754 1.0489 1.5122 2.1307 2.1719 2.3720 3.1464 1.0950 0.0000 1.7382 1.7428 2.1611 3.0340 2.4329 2.7344 3.6499 1.0754 1.7382 0.0000 1.7748 2.0626 2.5215 2.9692 2.3589 3.0726 1.0489 1.7428 1.7748 0.0000 2.1480 2.3938 2.6541 3.3041 3.9699 1.5122 2.1611 2.0626 2.1480 0.0000 1.0736 1.0814 1.4737 1.9965 2.1307 3.0340 2.5215 2.3938 1.0736 0.0000 1.7638 2.1322 2.2356 2.1719 2.4329 2.9692 2.6541 1.0814 1.7638 0.0000 2.0610 2.5240 2.3720 2.7344 2.3589 3.3041 1.4737 2.1322 2.0610 0.0000 0.9613 
0.0000 1.0977 1.0781 1.0518 1.5128 2.1336 2.1738 2.3727 3.1446 1.0977 0.0000 1.7391 1.7450 2.1657 3.0411 2.4382 2.7385 3.6520 1.0781 1.7391 0.0000 1.7836 2.0629 2.5256 2.9726 2.3558 3.0671 1.0518 1.7450 1.7836 0.0000 2.1517 2.3989 2.6556 3.3080 3.9714 1.5128 2.1657 2.0629 2.1517 0.0000 1.0768 1.0857 1.4730 1.9940 2.1336 3.0411 2.5256 2.3989 1.0768 0.0000 1.7684 2.1341 2.2346 2.1738 2.4382 2.9726 2.6556 1.0857 1.7684 0.0000 2.0668 2.5290 2.3727 2.7385 2.3558 3.3080 1.4730 2.1341 2.0668 0.0000 0.9595 
0.0000 1.1003 1.0811 1.0553 1.5134 2.1368 2.1758 2.3734 3.1429 1.1003 0.0000 1.7403 1.7479 2.1703 3.0484 2.4437 2.7426 3.6543 1.0811 1.7403 0.0000 1.7930 2.0635 2.5303 2.9765 2.3530 3.0622 1.0553 1.7479 1.7930 0.0000 2.1559 2.4044 2.6577 3.3125 3.9736 1.5134 2.1703 2.0635 2.1559 0.0000 1.0802 1.0903 1.4723 1.9917 2.1368 3.0484 2.5303 2.4044 1.0802 0.0000 1.7735 2.1362 2.2337 2.1758 2.4437 2.9765 2.6577 1.0903 1.7735 0.0000 2.0728 2.5343 2.3734 2.7426 2.3530 3.3125 1.4723 2.1362 2.0728 0.0000 0.9579 
0.0000 1.1030 1.0843 1.0595 1.5139 2.1402 2.1779 2.3740 3.1414 1.1030 0.0000 1.7417 1.7512 2.1749 3.0560 2.4492 2.7467 3.6569 1.0843 1.7417 0.0000 1.8029 2.0644 2.5353 2.9809 2.3505 3.0576 1.0595 1.7512 1.8029 0.0000 2.1606 2.4104 2.6603 3.3175 3.9764 1.5139 2.1749 2.0644 2.1606 0.0000 1.0840 1.0950 1.4715 1.9896 2.1402 3.0560 2.5353 2.4104 1.0840 0.0000 1.7788 2.1384 2.2329 2.1779 2.4492 2.9809 2.6603 1.0950 1.7788 0.0000 2.0790 2.5399 2.3740 2.7467 2.3505 3.3175 1.4715 2.1384 2.0790 0.0000 0.9566 
0.0000 1.1055 1.0878 1.0643 1.5144 2.1438 2.1801 2.3746 3.1402 1.1055 0.0000 1.7434 1.7550 2.1794 3.0638 2.4548 2.7507 3.6598 1.0878 1.7434 0.0000 1.8132 2.0655 2.5406 2.9858 2.3482 3.0536 1.0643 1.7550 1.8132 0.0000 2.1657 2.4168 2.6632 3.3229 3.9800 1.5144 2.1794 2.0655 2.1657 0.0000 1.0881 1.0998 1.4707 1.9877 2.1438 3.0638 2.5406 2.4168 1.0881 0.0000 1.7844 2.1407 2.2323 2.1801 2.4548 2.9858 2.6632 1.0998 1.7844 0.0000 2.0852 2.5458 2.3746 2.7507 2.3482 3.3229 1.4707 2.1407 2.0852 0.0000 0.9556 
0.0000 1.1080 1.0914 1.0696 1.5149 2.1477 2.1823 2.3751 3.1392 1.1080 0.0000 1.7452 1.7592 2.1838 3.0717 2.4603 2.7547 3.6629 1.0914 1.7452 0.0000 1.8239 2.0668 2.5463 2.9910 2.3462 3.0501 1.0696 1.7592 1.8239 0.0000 2.1712 2.4236 2.6665 3.3288 3.9841 1.5149 2.1838 2.0668 2.1712 0.0000 1.0923 1.1047 1.4698 1.9860 2.1477 3.0717 2.5463 2.4236 1.0923 0.0000 1.7901 2.1431 2.2317 2.1823 2.4603 2.9910 2.6665 1.1047 1.7901 0.0000 2.0915 2.5519 2.3751 2.7547 2.3462 3.3288 1.4698 2.1431 2.0915 0.0000 0.9550 
0.0000 1.1104 1.0951 1.0753 1.5154 2.1516 2.1845 2.3755 3.1385 1.1104 0.0000 1.7471 1.7636 2.1880 3.0797 2.4658 2.7586 3.6663 1.0951 1.7471 0.0000 1.8347 2.0683 2.5521 2.9964 2.3444 3.0471 1.0753 1.7636 1.8347 0.0000 2.1769 2.4306 2.6700 3.3349 3.9888 1.5154 2.1880 2.0683 2.1769 0.0000 1.0967 1.1096 1.4689 1.9845 2.1516 3.0797 2.5521 2.4306 1.0967 0.0000 1.7959 2.1455 2.2313 2.1845 2.4658 2.9964 2.6700 1.1096 1.7959 0.0000 2.0979 2.5582 2.3755 2.7586 2.3444 3.3349 1.4689 2.1455 2.0979 0.0000 0.9547 
0.0000 1.1127 1.0989 1.0813 1.5159 2.1557 2.1867 2.3759 3.1381 1.1127 0.0000 1.7491 1.7682 2.1922 3.0876 2.4713 2.7624 3.6699 1.0989 1.7491 0.0000 1.8457 2.0701 2.5581 3.0019 2.3429 3.0447 1.0813 1.7682 1.8457 0.0000 2.1830 2.4379 2.6737 3.3414 3.9940 1.5159 2.1922 2.0701 2.1830 0.0000 1.1012 1.1144 1.4680 1.9833 2.1557 3.0876 2.5581 2.4379 1.1012 0.0000 1.8017 2.1479 2.2309 2.1867 2.4713 3.0019 2.6737 1.1144 1.8017 0.0000 2.1041 2.5647 2.3759 2.7624 2.3429 3.3414 1.4680 2.1479 2.1041 0.0000 0.9548 
0.0000 1.1148 1.1027 1.0875 1.5163 2.1598 2.1888 2.3763 3.1380 1.1148 0.0000 1.7510 1.7729 2.1962 3.0953 2.4766 2.7661 3.6738 1.1027 1.7510 0.0000 1.8566 2.0719 2.5642 3.0076 2.3416 3.0428 1.0875 1.7729 1.8566 0.0000 2.1892 2.4453 2.6775 3.3479 3.9997 1.5163 2.1962 2.0719 2.1892 0.0000 1.1057 1.1191 1.4670 1.9823 2.1598 3.0953 2.5642 2.4453 1.1057 0.0000 1.8073 2.1502 2.2305 2.1888 2.4766 3.0076 2.6775 1.1191 1.8073 0.0000 2.1103 2.5713 2.3763 2.7661 2.3416 3.3479 1.4670 2.1502 2.1103 0.0000 0.9553 
0.0000 1.1167 1.1064 1.0939 1.5168 2.1639 2.1908 2.3767 3.1382 1.1167 0.0000 1.7529 1.7777 2.2000 3.1029 2.4817 2.7696 3.6778 1.1064 1.7529 0.0000 1.8674 2.0739 2.5703 3.0132 2.3405 3.0414 1.0939 1.7777 1.8674 0.0000 2.1955 2.4528 2.6813 3.3545 4.0056 1.5168 2.2000 2.0739 2.1955 0.0000 1.1101 1.1237 1.4660 1.9815 2.1639 3.1029 2.5703 2.4528 1.1101 0.0000 1.8127 2.1524 2.2302 2.1908 2.4817 3.0132 2.6813 1.1237 1.8127 0.0000 2.1164 2.5780 2.3767 2.7696 2.3405 3.3545 1.4660 2.1524 2.1164 0.0000 0.9561 
0.0000 1.1184 1.1101 1.1003 1.5173 2.1681 2.1928 2.3770 3.1387 1.1184 0.0000 1.7547 1.7824 2.2036 3.1102 2.4867 2.7730 3.6820 1.1101 1.7547 0.0000 1.8779 2.0760 2.5764 3.0187 2.3397 3.0405 1.1003 1.7824 1.8779 0.0000 2.2019 2.4602 2.6851 3.3612 4.0118 1.5173 2.2036 2.0760 2.2019 0.0000 1.1145 1.1280 1.4650 1.9810 2.1681 3.1102 2.5764 2.4602 1.1145 0.0000 1.8179 2.1545 2.2298 2.1928 2.4867 3.0187 2.6851 1.1280 1.8179 0.0000 2.1223 2.5847 2.3770 2.7730 2.3397 3.3612 1.4650 2.1545 2.1223 0.0000 0.9573 
0.0000 1.1199 1.1136 1.1068 1.5178 2.1721 2.1945 2.3773 3.1394 1.1199 0.0000 1.7564 1.7870 2.2070 3.1172 2.4914 2.7762 3.6864 1.1136 1.7564 0.0000 1.8881 2.0782 2.5824 3.0242 2.3392 3.0401 1.1068 1.7870 1.8881 0.0000 2.2083 2.4677 2.6888 3.3678 4.0182 1.5178 2.2070 2.0782 2.2083 0.0000 1.1188 1.1320 1.4640 1.9807 2.1721 3.1172 2.5824 2.4677 1.1188 0.0000 1.8227 2.1564 2.2294 2.1945 2.4914 3.0242 2.6888 1.1320 1.8227 0.0000 2.1280 2.5914 2.3773 2.7762 2.3392 3.3678 1.4640 2.1564 2.1280 0.0000 0.9587 
0.0000 1.1212 1.1170 1.1131 1.5183 2.1761 2.1961 2.3775 3.1404 1.1212 0.0000 1.7579 1.7914 2.2102 3.1239 2.4959 2.7793 3.6908 1.1170 1.7579 0.0000 1.8978 2.0804 2.5882 3.0293 2.3388 3.0402 1.1131 1.7914 1.8978 0.0000 2.2145 2.4750 2.6923 3.3742 4.0247 1.5183 2.2102 2.0804 2.2145 0.0000 1.1229 1.1358 1.4630 1.9806 2.1761 3.1239 2.5882 2.4750 1.1229 0.0000 1.8271 2.1581 2.2289 2.1961 2.4959 3.0293 2.6923 1.1358 1.8271 0.0000 2.1334 2.5980 2.3775 2.7793 2.3388 3.3742 1.4630 2.1581 2.1334 0.0000 0.9605 
0.0000 1.1222 1.1201 1.1192 1.5189 2.1799 2.1975 2.3778 3.1415 1.1222 0.0000 1.7591 1.7955 2.2131 3.1301 2.5000 2.7822 3.6953 1.1201 1.7591 0.0000 1.9070 2.0826 2.5939 3.0343 2.3387 3.0407 1.1192 1.7955 1.9070 0.0000 2.2207 2.4821 2.6956 3.3804 4.0311 1.5189 2.2131 2.0826 2.2207 0.0000 1.1267 1.1392 1.4619 1.9807 2.1799 3.1301 2.5939 2.4821 1.1267 0.0000 1.8311 2.1596 2.2284 2.1975 2.5000 3.0343 2.6956 1.1392 1.8311 0.0000 2.1386 2.6044 2.3778 2.7822 2.3387 3.3804 1.4619 2.1596 2.1386 0.0000 0.9624 
0.0000 1.1230 1.1231 1.1251 1.5195 2.1836 2.1987 2.3781 3.1429 1.1230 0.0000 1.7602 1.7994 2.2158 3.1358 2.5039 2.7849 3.6997 1.1231 1.7602 0.0000 1.9155 2.0849 2.5993 3.0388 2.3388 3.0416 1.1251 1.7994 1.9155 0.0000 2.2267 2.4890 2.6986 3.3863 4.0375 1.5195 2.2158 2.0849 2.2267 0.0000 1.1303 1.1422 1.4609 1.9809 2.1836 3.1358 2.5993 2.4890 1.1303 0.0000 1.8345 2.1608 2.2277 2.1987 2.5039 3.0388 2.6986 1.1422 1.8345 0.0000 2.1434 2.6107 2.3781 2.7849 2.3388 3.3863 1.4609 2.1608 2.1434 0.0000 0.9646 
0.0000 1.1235 1.1257 1.1306 1.5201 2.1871 2.1997 2.3783 3.1444 1.1235 0.0000 1.7609 1.8028 2.2183 3.1409 2.5074 2.7874 3.7041 1.1257 1.7609 0.0000 1.9232 2.0871 2.6044 3.0430 2.3392 3.0429 1.1306 1.8028 1.9232 0.0000 2.2324 2.4957 2.7013 3.3920 4.0436 1.5201 2.2183 2.0871 2.2324 0.0000 1.1335 1.1448 1.4598 1.9813 2.1871 3.1409 2.6044 2.4957 1.1335 0.0000 1.8374 2.1617 2.2269 2.1997 2.5074 3.0430 2.7013 1.1448 1.8374 0.0000 2.1480 2.6167 2.3783 2.7874 2.3392 3.3920 1.4598 2.1617 2.1480 0.0000 0.9669 
0.0000 1.1237 1.1280 1.1358 1.5207 2.1903 2.2004 2.3786 3.1460 1.1237 0.0000 1.7614 1.8058 2.2205 3.1456 2.5105 2.7897 3.7084 1.1280 1.7614 0.0000 1.9302 2.0893 2.6092 3.0468 2.3397 3.0445 1.1358 1.8058 1.9302 0.0000 2.2378 2.5019 2.7036 3.3972 4.0495 1.5207 2.2205 2.0893 2.2378 0.0000 1.1364 1.1470 1.4588 1.9818 2.1903 3.1456 2.6092 2.5019 1.1364 0.0000 1.8396 2.1623 2.2259 2.2004 2.5105 3.0468 2.7036 1.1470 1.8396 0.0000 2.1521 2.6224 2.3786 2.7897 2.3397 3.3972 1.4588 2.1623 2.1521 0.0000 0.9693 
0.0000 1.1237 1.1301 1.1405 1.5214 2.1934 2.2008 2.3788 3.1477 1.1237 0.0000 1.7615 1.8084 2.2224 3.1496 2.5133 2.7918 3.7125 1.1301 1.7615 0.0000 1.9363 2.0915 2.6136 3.0501 2.3405 3.0463 1.1405 1.8084 1.9363 0.0000 2.2429 2.5078 2.7055 3.4020 4.0551 1.5214 2.2224 2.0915 2.2429 0.0000 1.1390 1.1487 1.4577 1.9823 2.1934 3.1496 2.6136 2.5078 1.1390 0.0000 1.8412 2.1626 2.2247 2.2008 2.5133 3.0501 2.7055 1.1487 1.8412 0.0000 2.1559 2.6278 2.3788 2.7918 2.3405 3.4020 1.4577 2.1626 2.1559 0.0000 0.9718 
0.0000 1.1234 1.1317 1.1447 1.5222 2.1961 2.2011 2.3791 3.1494 1.1234 0.0000 1.7613 1.8105 2.2241 3.1530 2.5158 2.7937 3.7164 1.1317 1.7613 0.0000 1.9414 2.0935 2.6176 3.0529 2.3414 3.0484 1.1447 1.8105 1.9414 0.0000 2.2476 2.5133 2.7070 3.4063 4.0602 1.5222 2.2241 2.0935 2.2476 0.0000 1.1411 1.1500 1.4567 1.9828 2.1961 3.1530 2.6176 2.5133 1.1411 0.0000 1.8422 2.1625 2.2233 2.2011 2.5158 3.0529 2.7070 1.1500 1.8422 0.0000 2.1593 2.6328 2.3791 2.7937 2.3414 3.4063 1.4567 2.1625 2.1593 0.0000 0.9743 
