0.01427443
0.14356849
0.25534952
0.34373647
0.40440856
0.43520620
0.43584933
0.40868849
0.35797382
0.29006953
0.21306769
0.13596137
0.06853053
0.02027409
0.00000000
0.01527034
0.07145380
0.17150027
0.31624990
0.50420792
0.73148767
0.99222013
1.27742754
1.58127873
1.89279100
2.20213557
2.49933219
2.77503868
3.02048317
3.22774134
3.39007258
3.50216328
3.55981076
3.56043575
3.50400901
3.39128102
3.22519796
3.01056290
2.75399704
2.46383294
2.14982862
1.82299129
1.49516000
1.17824188
0.88377558
0.62482679
0.40709646
0.24006224
0.12839052
0.07453276
0.07767590
0.13379875
0.23616019
0.37546030
0.54011586
0.71773318
0.89448130
1.05722819
1.19342399
1.29262892
1.34697506
1.35174318
1.30609488
1.21273160
1.07863836
0.91357951
0.73032648
0.54344424
0.36861289
0.22080677
0.11431488
0.05924981
0.06833839
0.14493098
0.29105709
0.50470045
0.78036452
1.10882488
1.47850979
1.87606511
2.28669509
2.69526122
3.08701832
3.44823850
3.76675073
4.03233175
4.23784553
4.37835559
4.45158345
4.45799588
4.40026186
4.28356010
4.11487279
3.90268718
3.65683927
3.38826105
3.10728619
2.82555971
2.55390065
2.30275156
2.08209746
1.89979214
1.76258218
1.67669531
1.64087196
1.65690371
1.72189552
1.83075340
1.97553510
2.14659831
2.33224607
2.51983198
2.69630149
2.84901390
2.96656956
3.03995274
3.06233617
3.03074650
2.94571448
2.81124531
2.63557028
2.42906674
2.20465185
1.97654506
1.75919048
1.56624157
1.41068200
1.30232806
1.24893113
1.25575407
1.32348196
1.45083622
1.63399833
1.86673318
2.14024261
2.44462172
2.76863354
3.10060432
3.42836369
3.73988431
4.02420362
